5.000000000000000000e+02
1.500000000000000000e+03
2.750000000000000000e+03
3.500000000000000000e+03
4.250000000000000000e+03
7.000000000000000000e+03
7.750000000000000000e+03
1.025000000000000000e+04
1.150000000000000000e+04
1.275000000000000000e+04
1.325000000000000000e+04
1.400000000000000000e+04
1.500000000000000000e+04
1.675000000000000000e+04
1.800000000000000000e+04
1.875000000000000000e+04
2.250000000000000000e+04
2.325000000000000000e+04
2.850000000000000000e+04
2.925000000000000000e+04
3.250000000000000000e+04
3.350000000000000000e+04
3.725000000000000000e+04
4.125000000000000000e+04
4.200000000000000000e+04
4.350000000000000000e+04
5.025000000000000000e+04
5.125000000000000000e+04
5.200000000000000000e+04
5.700000000000000000e+04
5.875000000000000000e+04
6.000000000000000000e+04
6.200000000000000000e+04
6.550000000000000000e+04
6.900000000000000000e+04
7.175000000000000000e+04
7.525000000000000000e+04
7.700000000000000000e+04
7.975000000000000000e+04
8.600000000000000000e+04
8.775000000000000000e+04
8.900000000000000000e+04
9.300000000000000000e+04
9.400000000000000000e+04
9.600000000000000000e+04
9.750000000000000000e+04
9.825000000000000000e+04
9.875000000000000000e+04
1.010000000000000000e+05
1.032500000000000000e+05
1.037500000000000000e+05
1.085000000000000000e+05
1.120000000000000000e+05
1.175000000000000000e+05
1.222500000000000000e+05
1.230000000000000000e+05
1.357500000000000000e+05
1.375000000000000000e+05
1.397500000000000000e+05
1.412500000000000000e+05
1.472500000000000000e+05
1.477500000000000000e+05
1.492500000000000000e+05
1.497500000000000000e+05
1.517500000000000000e+05
1.570000000000000000e+05
1.580000000000000000e+05
1.585000000000000000e+05
1.620000000000000000e+05
1.672500000000000000e+05
1.687500000000000000e+05
1.700000000000000000e+05
1.737500000000000000e+05
1.742500000000000000e+05
1.752500000000000000e+05
1.792500000000000000e+05
1.800000000000000000e+05
1.817500000000000000e+05
1.862500000000000000e+05
1.895000000000000000e+05
1.920000000000000000e+05
1.972500000000000000e+05
