0.000000000000000000e+00 5.714285714285714107e-02 0.000000000000000000e+00 0.000000000000000000e+00 4.255319148936170109e-02 4.545454545454545581e-02 0.000000000000000000e+00 0.000000000000000000e+00 3.389830508474576259e-02 0.000000000000000000e+00 1.388888888888888951e-01 0.000000000000000000e+00 1.136363636363636326e-01 2.222222222222222307e-02 7.142857142857142461e-02 6.060606060606060774e-02 9.090909090909091161e-02 2.830188679245283084e-02 8.383233532934131205e-02 2.834645669291338543e-02
-1.906437815934063923e-169 0.000000000000000000e+00 0.000000000000000000e+00 0.000000000000000000e+00 0.000000000000000000e+00 0.000000000000000000e+00 0.000000000000000000e+00 0.000000000000000000e+00 0.000000000000000000e+00 0.000000000000000000e+00 1.250000000000000000e-01 0.000000000000000000e+00 0.000000000000000000e+00 0.000000000000000000e+00 0.000000000000000000e+00 0.000000000000000000e+00 5.555555555555555247e-02 0.000000000000000000e+00 3.703703703703703498e-02 0.000000000000000000e+00
1.454615922538085886e+270 0.000000000000000000e+00 0.000000000000000000e+00 0.000000000000000000e+00 0.000000000000000000e+00 0.000000000000000000e+00 0.000000000000000000e+00 0.000000000000000000e+00 0.000000000000000000e+00 0.000000000000000000e+00 1.000000000000000056e-01 0.000000000000000000e+00 0.000000000000000000e+00 0.000000000000000000e+00 7.692307692307692735e-02 0.000000000000000000e+00 4.347826086956521618e-02 0.000000000000000000e+00 5.405405405405405705e-02 1.739130434782608717e-02
3.610567444259049191e-230 0.000000000000000000e+00 0.000000000000000000e+00 0.000000000000000000e+00 0.000000000000000000e+00 0.000000000000000000e+00 0.000000000000000000e+00 0.000000000000000000e+00 0.000000000000000000e+00 0.000000000000000000e+00 8.333333333333332871e-02 0.000000000000000000e+00 7.142857142857142461e-02 0.000000000000000000e+00 6.250000000000000000e-02 0.000000000000000000e+00 7.142857142857142461e-02 0.000000000000000000e+00 6.382978723404254817e-02 2.580645161290322578e-02
-1.751084541580448689e-209 0.000000000000000000e+00 0.000000000000000000e+00 0.000000000000000000e+00 0.000000000000000000e+00 0.000000000000000000e+00 0.000000000000000000e+00 0.000000000000000000e+00 0.000000000000000000e+00 0.000000000000000000e+00 1.428571428571428492e-01 0.000000000000000000e+00 6.060606060606060774e-02 0.000000000000000000e+00 5.128205128205128027e-02 0.000000000000000000e+00 9.090909090909091161e-02 3.030303030303030387e-02 5.263157894736841813e-02 2.051282051282051280e-02
-3.861045514195958831e+61 0.000000000000000000e+00 0.000000000000000000e+00 0.000000000000000000e+00 0.000000000000000000e+00 0.000000000000000000e+00 0.000000000000000000e+00 0.000000000000000000e+00 0.000000000000000000e+00 0.000000000000000000e+00 1.250000000000000000e-01 0.000000000000000000e+00 1.052631578947368363e-01 0.000000000000000000e+00 8.695652173913043237e-02 3.846153846153846367e-02 1.578947368421052544e-01 5.063291139240506250e-02 7.462686567164178442e-02 2.553191489361701996e-02
2.832346532785571812e+139 0.000000000000000000e+00 0.000000000000000000e+00 0.000000000000000000e+00 0.000000000000000000e+00 0.000000000000000000e+00 0.000000000000000000e+00 0.000000000000000000e+00 6.896551724137930939e-02 0.000000000000000000e+00 1.111111111111111049e-01 0.000000000000000000e+00 9.302325581395348708e-02 5.128205128205128027e-02 7.692307692307692735e-02 6.666666666666666574e-02 1.395348837209302306e-01 4.347826086956521618e-02 7.792207792207792028e-02 4.363636363636363980e-02
9.880272898947619266e-193 0.000000000000000000e+00 0.000000000000000000e+00 0.000000000000000000e+00 0.000000000000000000e+00 0.000000000000000000e+00 0.000000000000000000e+00 0.000000000000000000e+00 6.060606060606060774e-02 0.000000000000000000e+00 1.499999999999999944e-01 0.000000000000000000e+00 8.333333333333332871e-02 4.545454545454545581e-02 6.779661016949152519e-02 5.882352941176470507e-02 1.250000000000000000e-01 3.773584905660377214e-02 8.045977011494252762e-02 4.444444444444444614e-02
-9.081474912083326406e-77 0.000000000000000000e+00 0.000000000000000000e+00 0.000000000000000000e+00 0.000000000000000000e+00 0.000000000000000000e+00 0.000000000000000000e+00 0.000000000000000000e+00 5.555555555555555247e-02 0.000000000000000000e+00 1.363636363636363535e-01 0.000000000000000000e+00 7.547169811320754429e-02 4.000000000000000083e-02 6.060606060606060774e-02 5.263157894736841813e-02 1.320754716981132060e-01 3.361344537815125905e-02 8.247422680412370977e-02 4.507042253521127001e-02
-1.268414189460344343e+290 0.000000000000000000e+00 0.000000000000000000e+00 0.000000000000000000e+00 6.250000000000000000e-02 0.000000000000000000e+00 0.000000000000000000e+00 0.000000000000000000e+00 5.128205128205128027e-02 0.000000000000000000e+00 1.250000000000000000e-01 0.000000000000000000e+00 1.034482758620689641e-01 3.571428571428571230e-02 8.333333333333332871e-02 4.761904761904761640e-02 1.206896551724137984e-01 3.030303030303030387e-02 7.476635514018691031e-02 4.050632911392405139e-02
-1.757203142017013404e+290 0.000000000000000000e+00 0.000000000000000000e+00 0.000000000000000000e+00 5.882352941176470507e-02 0.000000000000000000e+00 0.000000000000000000e+00 0.000000000000000000e+00 4.651162790697674354e-02 0.000000000000000000e+00 1.538461538461538547e-01 0.000000000000000000e+00 1.269841269841269771e-01 3.278688524590164105e-02 7.594936708860759722e-02 6.521739130434782428e-02 1.111111111111111049e-01 2.739726027397260122e-02 7.692307692307692735e-02 4.137931034482758563e-02
4.099123173870557315e+290 0.000000000000000000e+00 0.000000000000000000e+00 0.000000000000000000e+00 5.405405405405405705e-02 0.000000000000000000e+00 0.000000000000000000e+00 0.000000000000000000e+00 4.347826086956521618e-02 0.000000000000000000e+00 1.428571428571428492e-01 0.000000000000000000e+00 1.176470588235294101e-01 2.985074626865671585e-02 6.976744186046511531e-02 5.999999999999999778e-02 1.176470588235294101e-01 2.515723270440251708e-02 7.874015748031495954e-02 3.789473684210526577e-02
1.819535292819554715e-268 0.000000000000000000e+00 0.000000000000000000e+00 0.000000000000000000e+00 5.128205128205128027e-02 0.000000000000000000e+00 0.000000000000000000e+00 0.000000000000000000e+00 4.081632653061224164e-02 0.000000000000000000e+00 1.333333333333333315e-01 0.000000000000000000e+00 1.095890410958904049e-01 2.739726027397260122e-02 6.521739130434782428e-02 5.555555555555555247e-02 1.095890410958904049e-01 3.488372093023255766e-02 7.299270072992700142e-02 3.495145631067961278e-02
7.289285173876787851e+59 6.451612903225806273e-02 0.000000000000000000e+00 0.000000000000000000e+00 4.761904761904761640e-02 0.000000000000000000e+00 0.000000000000000000e+00 0.000000000000000000e+00 3.773584905660377214e-02 0.000000000000000000e+00 1.250000000000000000e-01 0.000000000000000000e+00 1.282051282051281937e-01 2.564102564102564014e-02 6.060606060606060774e-02 6.896551724137930939e-02 1.025641025641025605e-01 3.225806451612903136e-02 7.482993197278911546e-02 3.243243243243243423e-02
1.405762012616703082e+291 6.060606060606060774e-02 0.000000000000000000e+00 0.000000000000000000e+00 4.545454545454545581e-02 4.878048780487805047e-02 0.000000000000000000e+00 0.000000000000000000e+00 3.571428571428571230e-02 0.000000000000000000e+00 1.176470588235294101e-01 0.000000000000000000e+00 1.204819277108433728e-01 2.380952380952380820e-02 5.714285714285714107e-02 6.451612903225806273e-02 9.638554216867470381e-02 3.015075376884421982e-02 7.006369426751592189e-02 3.025210084033613453e-02
