0.000000000000000000e+00 1.428571428571428492e-01 0.000000000000000000e+00 4.444444444444444614e-02 4.081632653061224164e-02 7.692307692307692735e-02 0.000000000000000000e+00 7.017543859649122417e-02 3.174603174603174427e-02 3.125000000000000000e-02 1.794871794871794879e-01 2.325581395348837177e-02 1.505376344086021556e-01 7.272727272727272374e-02 8.196721311475409222e-02 1.886792452830188815e-01 1.276595744680850963e-01 1.195219123505976144e-01 1.358695652173912971e-01 1.274382314694408325e-01
2.100840336134453690e-03 1.538461538461538547e-01 0.000000000000000000e+00 0.000000000000000000e+00 0.000000000000000000e+00 0.000000000000000000e+00 0.000000000000000000e+00 0.000000000000000000e+00 0.000000000000000000e+00 0.000000000000000000e+00 9.090909090909091161e-02 0.000000000000000000e+00 0.000000000000000000e+00 0.000000000000000000e+00 0.000000000000000000e+00 4.255319148936170109e-02 8.333333333333332871e-02 3.076923076923077094e-02 6.818181818181817677e-02 3.827751196172248654e-02
2.100840336134453690e-03 1.333333333333333315e-01 0.000000000000000000e+00 0.000000000000000000e+00 0.000000000000000000e+00 0.000000000000000000e+00 0.000000000000000000e+00 0.000000000000000000e+00 0.000000000000000000e+00 0.000000000000000000e+00 7.692307692307692735e-02 0.000000000000000000e+00 0.000000000000000000e+00 5.555555555555555247e-02 5.555555555555555247e-02 1.090909090909090856e-01 6.896551724137930939e-02 2.564102564102564014e-02 1.111111111111111049e-01 9.638554216867470381e-02
2.100840336134453690e-03 1.176470588235294101e-01 0.000000000000000000e+00 0.000000000000000000e+00 0.000000000000000000e+00 0.000000000000000000e+00 0.000000000000000000e+00 0.000000000000000000e+00 0.000000000000000000e+00 0.000000000000000000e+00 6.666666666666666574e-02 0.000000000000000000e+00 6.060606060606060774e-02 4.761904761904761640e-02 4.761904761904761640e-02 9.523809523809523281e-02 8.823529411764706454e-02 6.593406593406593574e-02 1.093750000000000000e-01 1.038062283737024166e-01
2.100840336134453690e-03 1.052631578947368363e-01 0.000000000000000000e+00 0.000000000000000000e+00 0.000000000000000000e+00 0.000000000000000000e+00 0.000000000000000000e+00 8.333333333333332871e-02 0.000000000000000000e+00 0.000000000000000000e+00 1.176470588235294101e-01 0.000000000000000000e+00 1.052631578947368363e-01 4.255319148936170109e-02 4.081632653061224164e-02 1.408450704225352179e-01 1.025641025641025605e-01 9.523809523809523281e-02 9.459459459459459985e-02 9.726443768996960448e-02
2.100840336134453690e-03 9.523809523809523281e-02 0.000000000000000000e+00 0.000000000000000000e+00 0.000000000000000000e+00 7.692307692307692735e-02 0.000000000000000000e+00 7.407407407407406996e-02 0.000000000000000000e+00 0.000000000000000000e+00 1.052631578947368363e-01 0.000000000000000000e+00 1.395348837209302306e-01 3.773584905660377214e-02 7.142857142857142461e-02 1.518987341772151944e-01 1.818181818181818232e-01 1.355932203389830504e-01 1.190476190476190410e-01 1.246612466124661228e-01
2.100840336134453690e-03 8.695652173913043237e-02 0.000000000000000000e+00 0.000000000000000000e+00 0.000000000000000000e+00 7.142857142857142461e-02 0.000000000000000000e+00 6.666666666666666574e-02 6.060606060606060774e-02 0.000000000000000000e+00 9.523809523809523281e-02 0.000000000000000000e+00 1.250000000000000000e-01 6.779661016949152519e-02 6.451612903225806273e-02 1.609195402298850552e-01 1.632653061224489666e-01 1.374045801526717625e-01 1.276595744680850963e-01 1.369193154034229754e-01
2.100840336134453690e-03 8.000000000000000167e-02 0.000000000000000000e+00 7.407407407407406996e-02 0.000000000000000000e+00 6.451612903225806273e-02 0.000000000000000000e+00 6.060606060606060774e-02 5.405405405405405705e-02 0.000000000000000000e+00 1.304347826086956486e-01 0.000000000000000000e+00 1.132075471698113234e-01 6.250000000000000000e-02 5.797101449275362389e-02 1.894736842105263219e-01 1.481481481481481399e-01 1.379310344827586188e-01 1.250000000000000000e-01 1.380846325167037758e-01
2.100840336134453690e-03 7.407407407407406996e-02 0.000000000000000000e+00 6.896551724137930939e-02 0.000000000000000000e+00 5.882352941176470507e-02 0.000000000000000000e+00 1.111111111111111049e-01 5.000000000000000278e-02 0.000000000000000000e+00 1.199999999999999956e-01 0.000000000000000000e+00 1.379310344827586188e-01 8.571428571428571508e-02 5.263157894736841813e-02 2.330097087378640852e-01 1.525423728813559421e-01 1.392405063291139167e-01 1.228070175438596423e-01 1.308793456032719960e-01
2.100840336134453690e-03 6.896551724137930939e-02 0.000000000000000000e+00 6.451612903225806273e-02 5.882352941176470507e-02 5.555555555555555247e-02 0.000000000000000000e+00 1.025641025641025605e-01 4.651162790697674354e-02 0.000000000000000000e+00 1.111111111111111049e-01 0.000000000000000000e+00 1.587301587301587213e-01 1.052631578947368363e-01 7.317073170731706877e-02 2.162162162162162282e-01 1.406250000000000000e-01 1.520467836257309857e-01 1.129032258064516098e-01 1.209829867674858256e-01
2.100840336134453690e-03 6.451612903225806273e-02 0.000000000000000000e+00 5.882352941176470507e-02 5.555555555555555247e-02 5.128205128205128027e-02 0.000000000000000000e+00 9.523809523809523281e-02 4.255319148936170109e-02 0.000000000000000000e+00 1.379310344827586188e-01 0.000000000000000000e+00 1.764705882352941291e-01 9.876543209876542662e-02 6.741573033707864981e-02 2.184873949579831942e-01 1.304347826086956486e-01 1.405405405405405483e-01 1.194029850746268634e-01 1.195079086115992950e-01
2.100840336134453690e-03 6.060606060606060774e-02 0.000000000000000000e+00 5.555555555555555247e-02 5.128205128205128027e-02 4.761904761904761640e-02 0.000000000000000000e+00 8.888888888888889228e-02 4.000000000000000083e-02 4.081632653061224164e-02 1.612903225806451568e-01 0.000000000000000000e+00 1.643835616438356073e-01 9.195402298850574585e-02 6.250000000000000000e-02 2.204724409448818867e-01 1.351351351351351426e-01 1.313131313131313260e-01 1.250000000000000000e-01 1.149425287356321823e-01
2.100840336134453690e-03 5.714285714285714107e-02 0.000000000000000000e+00 5.263157894736841813e-02 4.878048780487805047e-02 4.545454545454545581e-02 0.000000000000000000e+00 8.333333333333332871e-02 3.773584905660377214e-02 3.773584905660377214e-02 1.515151515151515194e-01 0.000000000000000000e+00 1.538461538461538547e-01 8.602150537634409289e-02 5.882352941176470507e-02 2.074074074074074014e-01 1.392405063291139167e-01 1.421800947867298548e-01 1.298701298701298579e-01 1.201848998459167928e-01
2.100840336134453690e-03 1.052631578947368363e-01 0.000000000000000000e+00 4.878048780487805047e-02 4.545454545454545581e-02 4.255319148936170109e-02 0.000000000000000000e+00 7.843137254901960675e-02 3.508771929824561209e-02 3.571428571428571230e-02 1.714285714285714302e-01 0.000000000000000000e+00 1.686746987951807109e-01 8.163265306122448328e-02 5.504587155963303058e-02 2.097902097902097918e-01 1.309523809523809590e-01 1.333333333333333315e-01 1.341463414634146423e-01 1.161103047895500756e-01
2.100840336134453690e-03 1.000000000000000056e-01 0.000000000000000000e+00 4.651162790697674354e-02 4.347826086956521618e-02 8.163265306122448328e-02 0.000000000000000000e+00 7.407407407407406996e-02 3.333333333333333287e-02 3.333333333333333287e-02 1.621621621621621712e-01 0.000000000000000000e+00 1.590909090909090884e-01 7.692307692307692735e-02 5.217391304347825803e-02 1.986754966887417095e-01 1.348314606741572996e-01 1.260504201680672232e-01 1.264367816091954144e-01 1.262002743484224865e-01
