0.000000000000000000e+00 2.083333333333333426e-01 7.692307692307692735e-02 1.153846153846153910e-01 1.785714285714285754e-01 1.333333333333333315e-01 9.090909090909091161e-02 9.090909090909091161e-02 1.250000000000000000e-01 9.876543209876542662e-02 1.702127659574468044e-01 7.766990291262135249e-02 2.500000000000000000e-01 1.954887218045112673e-01 1.749999999999999889e-01 2.076502732240437243e-01 2.311111111111111005e-01 2.091503267973856273e-01 2.226980728051391745e-01 1.796008869179600842e-01
9.351568798561731570e-67 2.105263157894736725e-01 0.000000000000000000e+00 0.000000000000000000e+00 0.000000000000000000e+00 0.000000000000000000e+00 0.000000000000000000e+00 0.000000000000000000e+00 0.000000000000000000e+00 0.000000000000000000e+00 5.263157894736841813e-02 0.000000000000000000e+00 0.000000000000000000e+00 3.773584905660377214e-02 0.000000000000000000e+00 5.633802816901408578e-02 7.058823529411764608e-02 1.666666666666666644e-02 9.625668449197860577e-02 3.508771929824561209e-02
3.763026239647570093e+179 1.904761904761904656e-01 0.000000000000000000e+00 0.000000000000000000e+00 0.000000000000000000e+00 0.000000000000000000e+00 0.000000000000000000e+00 0.000000000000000000e+00 0.000000000000000000e+00 0.000000000000000000e+00 4.761904761904761640e-02 4.444444444444444614e-02 0.000000000000000000e+00 6.779661016949152519e-02 2.702702702702702853e-02 1.012658227848101250e-01 1.052631578947368363e-01 4.511278195488721554e-02 1.256038647342995196e-01 8.376963350785340823e-02
1.656365725713714277e-47 1.739130434782608647e-01 0.000000000000000000e+00 0.000000000000000000e+00 0.000000000000000000e+00 0.000000000000000000e+00 0.000000000000000000e+00 0.000000000000000000e+00 0.000000000000000000e+00 0.000000000000000000e+00 4.347826086956521618e-02 4.000000000000000083e-02 3.846153846153846367e-02 6.153846153846154188e-02 5.000000000000000278e-02 1.149425287356321823e-01 1.142857142857142821e-01 9.589041095890410427e-02 1.321585903083700442e-01 1.090047393364928924e-01
1.398043286095288860e-76 1.600000000000000033e-01 0.000000000000000000e+00 0.000000000000000000e+00 0.000000000000000000e+00 6.451612903225806273e-02 0.000000000000000000e+00 6.060606060606060774e-02 0.000000000000000000e+00 0.000000000000000000e+00 8.000000000000000167e-02 7.407407407407406996e-02 1.052631578947368363e-01 8.571428571428571508e-02 9.195402298850574585e-02 1.473684210526315652e-01 1.391304347826086973e-01 1.250000000000000000e-01 1.457489878542509998e-01 1.298701298701298579e-01
6.993589861933842571e-77 1.481481481481481399e-01 0.000000000000000000e+00 0.000000000000000000e+00 0.000000000000000000e+00 1.176470588235294101e-01 0.000000000000000000e+00 5.555555555555555247e-02 4.255319148936170109e-02 0.000000000000000000e+00 7.407407407407406996e-02 6.779661016949152519e-02 1.935483870967741882e-01 7.894736842105262720e-02 1.489361702127659504e-01 1.747572815533980639e-01 2.079999999999999905e-01 1.618497109826589619e-01 1.647940074906366903e-01 1.593625498007968100e-01
1.586606583222387016e-47 2.068965517241379282e-01 0.000000000000000000e+00 0.000000000000000000e+00 6.060606060606060774e-02 1.111111111111111049e-01 5.000000000000000278e-02 5.128205128205128027e-02 8.000000000000000167e-02 0.000000000000000000e+00 6.896551724137930939e-02 6.349206349206348854e-02 1.791044776119402882e-01 1.219512195121951192e-01 1.400000000000000133e-01 1.801801801801801717e-01 2.074074074074074014e-01 1.612903225806451568e-01 1.672473867595818953e-01 1.734317343173431836e-01
2.623958374439451321e+179 1.935483870967741882e-01 0.000000000000000000e+00 5.882352941176470507e-02 5.555555555555555247e-02 1.538461538461538547e-01 4.651162790697674354e-02 4.761904761904761640e-02 7.407407407407406996e-02 7.692307692307692735e-02 9.677419354838709409e-02 5.970149253731343170e-02 1.666666666666666574e-01 1.379310344827586188e-01 1.308411214953270896e-01 2.016806722689075682e-01 2.068965517241379282e-01 1.700000000000000122e-01 1.954397394136807853e-01 1.718213058419243988e-01
4.429883320147069324e-62 1.818181818181818232e-01 0.000000000000000000e+00 5.555555555555555247e-02 1.052631578947368363e-01 1.428571428571428492e-01 4.347826086956521618e-02 8.888888888888889228e-02 1.052631578947368363e-01 7.272727272727272374e-02 9.090909090909091161e-02 5.555555555555555247e-02 2.337662337662337608e-01 1.505376344086021556e-01 1.403508771929824483e-01 2.362204724409448786e-01 2.193548387096774244e-01 1.690140845070422504e-01 1.957186544342507661e-01 1.672025723472668757e-01
6.129578862321072425e-62 1.714285714285714302e-01 0.000000000000000000e+00 5.263157894736841813e-02 1.463414634146341375e-01 1.363636363636363535e-01 8.163265306122448328e-02 1.250000000000000000e-01 1.333333333333333315e-01 1.016949152542372947e-01 8.571428571428571508e-02 5.263157894736841813e-02 2.439024390243902385e-01 1.616161616161616299e-01 1.666666666666666574e-01 2.222222222222222099e-01 2.181818181818181712e-01 1.946902654867256610e-01 1.902017291066282478e-01 1.631419939577039291e-01
6.990216307116030976e-77 1.621621621621621712e-01 0.000000000000000000e+00 4.878048780487805047e-02 1.395348837209302306e-01 1.276595744680850963e-01 1.153846153846153910e-01 1.176470588235294101e-01 1.250000000000000000e-01 9.523809523809523281e-02 1.081081081081081141e-01 4.938271604938271331e-02 2.528735632183908288e-01 1.730769230769230727e-01 1.574803149606299191e-01 2.237762237762237760e-01 2.399999999999999911e-01 2.166666666666666741e-01 1.961852861035422446e-01 1.652421652421652287e-01
1.398043286095288860e-76 1.538461538461538547e-01 0.000000000000000000e+00 4.651162790697674354e-02 1.304347826086956486e-01 1.199999999999999956e-01 1.090909090909090856e-01 1.111111111111111049e-01 1.194029850746268634e-01 1.212121212121212155e-01 1.282051282051281937e-01 4.705882352941176405e-02 2.608695652173912971e-01 1.818181818181818232e-01 1.492537313432835688e-01 2.251655629139072967e-01 2.486486486486486625e-01 2.055335968379446709e-01 2.067183462532299620e-01 1.617250673854447318e-01
2.791119128639316708e+179 1.463414634146341375e-01 0.000000000000000000e+00 4.444444444444444614e-02 1.250000000000000000e-01 1.153846153846153910e-01 1.052631578947368363e-01 1.052631578947368363e-01 1.142857142857142821e-01 1.142857142857142821e-01 1.219512195121951192e-01 6.666666666666666574e-02 2.474226804123711432e-01 1.724137931034482873e-01 1.571428571428571397e-01 2.138364779874213917e-01 2.461538461538461675e-01 2.180451127819548751e-01 2.162162162162162282e-01 1.687979539641943638e-01
1.398043275798917260e-76 1.818181818181818232e-01 4.166666666666666435e-02 4.166666666666666435e-02 1.960784313725490169e-01 1.090909090909090856e-01 1.000000000000000056e-01 1.000000000000000056e-01 1.081081081081081141e-01 1.095890410958904049e-01 1.395348837209302306e-01 6.382978723404254817e-02 2.549019607843137081e-01 1.652892561983471120e-01 1.496598639455782309e-01 2.155688622754491079e-01 2.341463414634146478e-01 2.142857142857142738e-01 2.201405152224824302e-01 1.630170316301703115e-01
1.398043286095288860e-76 1.739130434782608647e-01 8.000000000000000167e-02 4.000000000000000083e-02 1.886792452830188815e-01 1.403508771929824483e-01 9.523809523809523281e-02 9.523809523809523281e-02 1.038961038961039030e-01 1.038961038961039030e-01 1.333333333333333315e-01 6.122448979591836593e-02 2.429906542056074759e-01 1.889763779527559029e-01 1.568627450980392135e-01 2.057142857142857106e-01 2.418604651162790664e-01 2.184300341296928349e-01 2.147651006711409349e-01 1.740139211136891018e-01
