0.000000000000000000e+00 3.200000000000000067e-01 3.333333333333333148e-01 3.738317757009345654e-01 4.695652173913043570e-01 3.577235772357723609e-01 3.969465648854961781e-01 3.913043478260869734e-01 3.708609271523178874e-01 3.809523809523809312e-01 4.861878453038673831e-01 4.433497536945812945e-01 4.405286343612334621e-01 4.258555133079847677e-01 4.092409240924092528e-01 3.715846994535519365e-01 3.398692810457516478e-01 3.175122749590834625e-01 2.738225629791894988e-01 2.508143322475570036e-01
2.089954128637349995e-76 5.633802816901408578e-02 2.777777777777777624e-02 2.666666666666666838e-02 7.499999999999999722e-02 2.325581395348837177e-02 4.395604395604395948e-02 2.083333333333333218e-02 7.619047619047619735e-02 3.418803418803419147e-02 6.400000000000000133e-02 4.255319148936170109e-02 6.369426751592356661e-02 6.557377049180328210e-02 5.714285714285714107e-02 4.724409448818897572e-02 5.015673981191222375e-02 4.235294117647058626e-02 4.107424960505529077e-02 2.808112324492979817e-02
3.596508592835701479e+179 8.219178082191780366e-02 5.405405405405405705e-02 5.194805194805195148e-02 9.756097560975610095e-02 8.988764044943819975e-02 8.510638297872340219e-02 8.080808080808081495e-02 9.259259259259258745e-02 9.917355371900826722e-02 1.240310077519379828e-01 8.275862068965517127e-02 1.234567901234567833e-01 1.058201058201058142e-01 1.013824884792626779e-01 8.396946564885496289e-02 8.510638297872340219e-02 7.305936073059360325e-02 6.431852986217458101e-02 4.841149773071104501e-02
1.312634732185601561e-71 1.333333333333333315e-01 1.052631578947368363e-01 7.594936708860759722e-02 1.647058823529411742e-01 8.791208791208791895e-02 1.237113402061855716e-01 1.372549019607843257e-01 1.261261261261261146e-01 1.290322580645161255e-01 1.654135338345864570e-01 1.333333333333333315e-01 1.556886227544910239e-01 1.538461538461538547e-01 1.345291479820627800e-01 1.185185185185185230e-01 1.238938053097345116e-01 1.152993348115299299e-01 8.915304606240713470e-02 7.342143906020558164e-02
6.524011601612146840e-38 1.558441558441558406e-01 1.025641025641025605e-01 9.756097560975610095e-02 1.839080459770114917e-01 1.489361702127659504e-01 1.799999999999999933e-01 1.904761904761904656e-01 1.217391304347826136e-01 1.562500000000000000e-01 2.043795620437956206e-01 1.818181818181818232e-01 2.093023255813953598e-01 2.000000000000000111e-01 1.913043478260869623e-01 1.726618705035971313e-01 1.547277936962750677e-01 1.505376344086021556e-01 1.067821067821067837e-01 9.700427960057061982e-02
1.356537382718037747e-153 1.772151898734177222e-01 1.250000000000000000e-01 1.190476190476190410e-01 2.222222222222222099e-01 1.855670103092783574e-01 2.135922330097087263e-01 2.222222222222222099e-01 1.525423728813559421e-01 1.818181818181818232e-01 2.553191489361701927e-01 2.138364779874213917e-01 2.485875706214689396e-01 2.524271844660194164e-01 2.278481012658227778e-01 1.958041958041958075e-01 1.838440111420612810e-01 1.841004184100418495e-01 1.346423562412342179e-01 1.234396671289875180e-01
5.157255023803053237e-62 2.222222222222222099e-01 1.686746987951807109e-01 1.395348837209302306e-01 2.608695652173912971e-01 2.020202020202020166e-01 2.285714285714285643e-01 2.522522522522522292e-01 1.983471074380165344e-01 2.222222222222222099e-01 3.034482758620689613e-01 2.576687116564417290e-01 2.857142857142856984e-01 2.924528301886792359e-01 2.633744855967078413e-01 2.244897959183673464e-01 2.113821138211382233e-01 2.036659877800407470e-01 1.555252387448840257e-01 1.443994601889338758e-01
2.004261857313586687e-76 2.409638554216867457e-01 1.647058823529411742e-01 2.022471910112359494e-01 2.947368421052631304e-01 2.352941176470588203e-01 2.407407407407407274e-01 2.631578947368420907e-01 2.560000000000000053e-01 2.733812949640287981e-01 3.489932885906040227e-01 2.874251497005987921e-01 3.101604278074866494e-01 3.041474654377880338e-01 2.879999999999999782e-01 2.450331125827814593e-01 2.269129287598944666e-01 2.138613861386138570e-01 1.859229747675962829e-01 1.655716162943495495e-01
1.898126198964903785e-52 2.352941176470588203e-01 1.839080459770114917e-01 1.978021978021977934e-01 3.092783505154639290e-01 2.285714285714285643e-01 2.702702702702702853e-01 2.905982905982906206e-01 2.812500000000000000e-01 3.098591549295774406e-01 3.660130718954248130e-01 3.255813953488372325e-01 3.333333333333333148e-01 3.139013452914798386e-01 3.035019455252918053e-01 2.709677419354838968e-01 2.365038560411311108e-01 2.393822393822393757e-01 2.018111254851228942e-01 1.843790012804097378e-01
2.897572546995268367e-57 2.298850574712643646e-01 2.022471910112359494e-01 2.365591397849462485e-01 3.599999999999999867e-01 2.429906542056074759e-01 2.982456140350877027e-01 2.999999999999999889e-01 2.900763358778625789e-01 3.287671232876712146e-01 3.949044585987261380e-01 3.409090909090908839e-01 3.553299492385786906e-01 3.318777292576419180e-01 3.346007604562737381e-01 2.893081761006289221e-01 2.556390977443608881e-01 2.598870056497175063e-01 2.118537200504413687e-01 1.935081148564294640e-01
1.269315685213449779e-76 2.247191011235954994e-01 2.417582417582417598e-01 2.708333333333333148e-01 3.725490196078431460e-01 2.909090909090908950e-01 3.247863247863247982e-01 3.252032520325203180e-01 3.111111111111111160e-01 3.200000000000000067e-01 4.099378881987577605e-01 3.646408839779005651e-01 3.762376237623762387e-01 3.675213675213675479e-01 3.481481481481481510e-01 3.067484662576687171e-01 2.787286063569682226e-01 2.825688073394495570e-01 2.263222632226322140e-01 2.046285018270402045e-01
1.426272902622186984e-71 2.417582417582417598e-01 2.765957446808510745e-01 2.857142857142856984e-01 4.000000000000000222e-01 3.362831858407079877e-01 3.333333333333333148e-01 3.492063492063491870e-01 3.188405797101449002e-01 3.398692810457516478e-01 4.242424242424242542e-01 3.567567567567567766e-01 3.961352657004830746e-01 3.750000000000000000e-01 3.754512635379061436e-01 3.233532934131736480e-01 2.959427207637231327e-01 2.867383512544802726e-01 2.448979591836734637e-01 2.092746730083234197e-01
7.123147423583988985e-67 2.580645161290322509e-01 2.916666666666666852e-01 3.200000000000000067e-01 4.112149532710280275e-01 3.478260869565217295e-01 3.442622950819672067e-01 3.565891472868217282e-01 3.404255319148936088e-01 3.566878980891719508e-01 4.142011834319526686e-01 3.789473684210526438e-01 3.962264150943396457e-01 3.983739837398374006e-01 3.816254416961130658e-01 3.450292397660818522e-01 3.170163170163169952e-01 3.082311733800350284e-01 2.555685814771395115e-01 2.229965156794425085e-01
3.443585438695463989e-86 3.125000000000000000e-01 3.061224489795918435e-01 3.300970873786407966e-01 4.545454545454545303e-01 3.559322033898305038e-01 3.519999999999999796e-01 3.787878787878787845e-01 3.586206896551724088e-01 3.875000000000000111e-01 4.277456647398844014e-01 4.123711340206185350e-01 4.055299539170507117e-01 4.143426294820717337e-01 3.793103448275861878e-01 3.599999999999999867e-01 3.143507972665148253e-01 3.145299145299145227e-01 2.588774341351661179e-01 2.281498297389330243e-01
2.526191639223085671e-52 3.061224489795918435e-01 3.400000000000000244e-01 3.428571428571428603e-01 4.642857142857143016e-01 3.666666666666666408e-01 3.750000000000000000e-01 4.000000000000000222e-01 3.648648648648648574e-01 3.780487804878048808e-01 4.519774011299435013e-01 4.343434343434343647e-01 4.144144144144144004e-01 4.202334630350194611e-01 3.986486486486486291e-01 3.631284916201117374e-01 3.296213808463251405e-01 3.210702341137123828e-01 2.665173572228443644e-01 2.419533851276359504e-01
