0.000000000000000000e+00 3.302752293577981835e-01 3.571428571428571508e-01 4.500000000000000111e-01 5.156250000000000000e-01 4.087591240875912413e-01 4.657534246575342207e-01 4.596273291925465632e-01 4.508670520231213841e-01 4.408602150537634379e-01 4.660194174757281704e-01 4.502164502164502369e-01 4.015444015444015191e-01 4.013605442176870763e-01 3.705882352941176627e-01 3.640776699029126262e-01 3.268482490272373586e-01 3.164005805515239245e-01 2.773437500000000000e-01 2.590975254730712996e-01
2.177952345869846211e-314 5.000000000000000278e-02 4.878048780487805047e-02 4.545454545454545581e-02 6.451612903225806273e-02 2.000000000000000042e-02 3.773584905660377214e-02 5.042016806722689204e-02 6.299212598425196763e-02 5.925925925925926152e-02 5.333333333333333676e-02 5.917159763313609155e-02 5.291005291005290712e-02 5.607476635514018620e-02 4.858299595141700455e-02 4.000000000000000083e-02 4.812834224598930288e-02 4.373757455268389993e-02 4.032258064516128920e-02 2.931379080612924598e-02
2.177952345869846211e-314 7.317073170731706877e-02 7.142857142857142461e-02 8.888888888888889228e-02 1.052631578947368363e-01 7.766990291262135249e-02 9.174311926605505096e-02 9.836065573770491621e-02 1.076923076923076983e-01 1.151079136690647542e-01 1.038961038961039030e-01 9.248554913294797231e-02 1.030927835051546337e-01 9.090909090909091161e-02 8.661417322834645549e-02 7.792207792207792028e-02 8.333333333333332871e-02 7.364341085271318421e-02 6.020942408376963456e-02 4.802076573653471514e-02
2.177952345869846211e-314 1.190476190476190410e-01 1.162790697674418589e-01 1.304347826086956486e-01 1.632653061224489666e-01 9.523809523809523281e-02 1.428571428571428492e-01 1.439999999999999891e-01 1.503759398496240518e-01 1.549295774647887203e-01 1.518987341772151944e-01 1.348314606741572996e-01 1.306532663316583021e-01 1.327433628318584191e-01 1.153846153846153910e-01 1.075949367088607639e-01 1.218274111675126947e-01 1.134215500945179589e-01 8.418367346938775142e-02 7.337128399746994933e-02
2.177952345869846211e-314 1.395348837209302306e-01 1.136363636363636326e-01 1.473684210526315652e-01 2.000000000000000111e-01 1.481481481481481399e-01 1.913043478260869623e-01 1.875000000000000000e-01 1.751824817518248256e-01 1.780821917808219079e-01 1.975308641975308532e-01 1.758241758241758379e-01 1.764705882352941291e-01 1.731601731601731531e-01 1.647940074906366903e-01 1.543209876543209791e-01 1.485148514851485080e-01 1.436464088397789995e-01 1.044776119402985037e-01 9.376927822331894424e-02
2.177952345869846211e-314 1.590909090909090884e-01 1.333333333333333315e-01 1.649484536082474195e-01 2.330097087378640852e-01 1.981981981981981999e-01 2.372881355932203451e-01 2.290076335877862523e-01 2.000000000000000111e-01 2.133333333333333470e-01 2.409638554216867457e-01 2.139037433155080159e-01 2.105263157894736725e-01 2.194092827004219537e-01 1.970802919708029288e-01 1.807228915662650592e-01 1.787439613526569937e-01 1.762589928057553823e-01 1.310679611650485410e-01 1.180012040939193291e-01
2.177952345869846211e-314 2.000000000000000111e-01 1.720430107526881858e-01 2.020202020202020166e-01 2.666666666666666630e-01 2.123893805309734484e-01 2.500000000000000000e-01 2.686567164179104461e-01 2.377622377622377603e-01 2.483660130718954306e-01 2.823529411764705843e-01 2.513089005235601969e-01 2.429906542056074759e-01 2.551440329218107039e-01 2.285714285714285643e-01 2.117647058823529382e-01 2.028301886792452935e-01 1.933216168717047379e-01 1.587677725118483429e-01 1.387419165196943083e-01
2.177952345869846211e-314 2.173913043478260809e-01 1.894736842105263219e-01 2.549019607843137081e-01 2.962962962962962798e-01 2.586206896551724310e-01 2.764227642276422814e-01 2.919708029197080057e-01 2.857142857142856984e-01 2.929936305732483981e-01 3.218390804597701105e-01 2.769230769230769384e-01 2.648401826484018118e-01 2.661290322580645018e-01 2.508710801393728151e-01 2.356321839080459668e-01 2.165898617511520796e-01 2.058319039451114996e-01 1.851851851851851749e-01 1.619758759333716214e-01
2.177952345869846211e-314 2.340425531914893664e-01 2.268041237113402053e-01 2.884615384615384359e-01 3.090909090909090828e-01 2.857142857142856984e-01 3.174603174603174427e-01 3.142857142857142794e-01 3.066666666666666430e-01 3.250000000000000111e-01 3.370786516853932491e-01 3.099999999999999978e-01 2.857142857142856984e-01 2.755905511811023723e-01 2.721088435374149905e-01 2.640449438202246979e-01 2.252252252252252285e-01 2.281879194630872520e-01 2.013574660633484226e-01 1.807973048848961206e-01
2.177952345869846211e-314 2.291666666666666574e-01 2.424242424242424310e-01 3.207547169811320598e-01 3.539823008849557473e-01 2.975206611570248016e-01 3.410852713178294526e-01 3.496503496503496344e-01 3.267973856209150374e-01 3.536585365853658347e-01 3.626373626373626258e-01 3.235294117647058987e-01 3.144104803493449896e-01 2.923076923076923239e-01 2.999999999999999889e-01 2.857142857142856984e-01 2.466960352422907510e-01 2.495894909688013141e-01 2.123893805309734484e-01 1.911037891268533850e-01
2.177952345869846211e-314 2.448979591836734637e-01 2.772277227722772519e-01 3.486238532110091937e-01 3.826086956521739246e-01 3.387096774193548154e-01 3.636363636363636465e-01 3.835616438356164171e-01 3.566878980891719508e-01 3.690476190476190688e-01 3.870967741935483764e-01 3.636363636363636465e-01 3.333333333333333148e-01 3.245283018867924363e-01 3.127035830618892231e-01 3.010752688172043112e-01 2.672413793103448065e-01 2.696629213483145993e-01 2.251082251082251184e-01 2.041912950026867346e-01
2.779556478285905147e-314 2.600000000000000089e-01 3.076923076923077094e-01 3.603603603603603434e-01 4.237288135593220151e-01 3.779527559055118058e-01 3.851851851851851860e-01 4.026845637583892357e-01 3.750000000000000000e-01 3.859649122807017330e-01 4.105263157894736836e-01 3.661971830985915610e-01 3.514644351464434879e-01 3.468634686346863671e-01 3.375796178343948850e-01 3.157894736842105088e-01 2.827004219409282593e-01 2.767295597484276670e-01 2.457627118644067910e-01 2.125197264597580293e-01
2.177952345869846211e-314 2.745098039215686514e-01 3.207547169811320598e-01 3.893805309734513220e-01 4.500000000000000111e-01 3.875968992248062239e-01 3.941605839416058576e-01 4.210526315789473450e-01 3.926380368098159601e-01 4.228571428571428759e-01 4.020618556701031077e-01 3.853211009174312141e-01 3.524590163934426257e-01 3.682310469314079571e-01 3.437500000000000000e-01 3.350515463917525527e-01 3.016528925619834656e-01 2.958397534668721351e-01 2.551867219917012264e-01 2.256568778979907153e-01
2.177952345869846211e-314 3.238095238095238249e-01 3.333333333333333148e-01 4.137931034482758563e-01 4.878048780487804770e-01 4.090909090909091161e-01 4.142857142857143127e-01 4.387096774193548487e-01 4.191616766467065602e-01 4.494382022471909988e-01 4.141414141414141437e-01 4.144144144144144004e-01 3.614457831325301185e-01 3.829787234042553168e-01 3.425076452599388199e-01 3.484848484848485084e-01 3.036437246963562542e-01 3.016591251885369362e-01 2.642276422764227584e-01 2.311963654719838557e-01
2.177952345869846211e-314 3.177570093457943723e-01 3.636363636363636465e-01 4.237288135593220151e-01 5.120000000000000107e-01 4.179104477611940149e-01 4.475524475524475521e-01 4.556962025316455556e-01 4.470588235294117863e-01 4.395604395604395531e-01 4.356435643564356419e-01 4.336283185840708043e-01 3.779527559055118058e-01 3.958333333333333148e-01 3.603603603603603434e-01 3.514851485148514643e-01 3.174603174603174427e-01 3.106508875739644737e-01 2.709163346613545631e-01 2.464126669965363559e-01
