0.000000000000000000e+00 4.105960264900662127e-01 4.076433121019108485e-01 4.096385542168674565e-01 4.342857142857142749e-01 4.166666666666666852e-01 4.278606965174129306e-01 4.036697247706422242e-01 3.948497854077253066e-01 3.769230769230769162e-01 3.496503496503496344e-01 3.773584905660377631e-01 3.361823361823361722e-01 3.358024691358024727e-01 3.354564755838640999e-01 3.146853146853146876e-01 2.913719943422913849e-01 2.760800842992623960e-01 2.711864406779661008e-01 2.590637099612812522e-01
2.352941176470588029e-03 4.918032786885245811e-02 4.724409448818897572e-02 4.477611940298507204e-02 4.285714285714285754e-02 3.870967741935484041e-02 3.726708074534161586e-02 4.545454545454545581e-02 4.278074866310160179e-02 3.827751196172248654e-02 3.478260869565217434e-02 3.906250000000000000e-02 3.558718861209964751e-02 3.692307692307692651e-02 3.703703703703703498e-02 3.478260869565217434e-02 3.527336860670193808e-02 3.407601572739187706e-02 3.169014084507042195e-02 2.542744410346339454e-02
2.352941176470588029e-03 8.064516129032257841e-02 7.751937984496123923e-02 7.352941176470588480e-02 7.042253521126760896e-02 7.594936708860759722e-02 7.317073170731706877e-02 7.821229050279329686e-02 7.368421052631578261e-02 7.511737089201878104e-02 6.837606837606838295e-02 6.923076923076923461e-02 6.993006993006993521e-02 6.646525679758308325e-02 6.753246753246752720e-02 5.982905982905983161e-02 5.892547660311958646e-02 5.670103092783505133e-02 4.844290657439446340e-02 4.222317966393795974e-02
2.352941176470588029e-03 1.111111111111111049e-01 1.068702290076335853e-01 1.014492753623188470e-01 1.103448275862068950e-01 1.000000000000000056e-01 1.077844311377245540e-01 1.098901098901098883e-01 1.036269430051813406e-01 1.018518518518518462e-01 1.008403361344537841e-01 1.056603773584905703e-01 9.621993127147766833e-02 1.008902077151335314e-01 8.695652173913043237e-02 7.983193277310923763e-02 9.199318568994889478e-02 8.618504435994930879e-02 6.802721088435374763e-02 6.607369758576873975e-02
2.352941176470588029e-03 1.406250000000000000e-01 1.353383458646616466e-01 1.418439716312056842e-01 1.360544217687074953e-01 1.349693251533742311e-01 1.411764705882352922e-01 1.405405405405405483e-01 1.421319796954314818e-01 1.363636363636363535e-01 1.322314049586776896e-01 1.338289962825278678e-01 1.283783783783783716e-01 1.286549707602339110e-01 1.206030150753768793e-01 1.115702479338843006e-01 1.139028475711892779e-01 1.070983810709838085e-01 8.695652173913043237e-02 8.413161182840482588e-02
2.352941176470588029e-03 1.692307692307692402e-01 1.629629629629629761e-01 1.678321678321678390e-01 1.733333333333333393e-01 1.686746987951807109e-01 1.734104046242774533e-01 1.702127659574468044e-01 1.700000000000000122e-01 1.696428571428571508e-01 1.626016260162601590e-01 1.678832116788321061e-01 1.594684385382059699e-01 1.609195402298850552e-01 1.432098765432098797e-01 1.341463414634146423e-01 1.383855024711696802e-01 1.323529411764705899e-01 1.085526315789473728e-01 1.048750512085211001e-01
2.352941176470588029e-03 1.969696969696969613e-01 2.028985507246376940e-01 1.931034482758620663e-01 1.973684210526315819e-01 1.904761904761904656e-01 1.942857142857142838e-01 1.989528795811518203e-01 1.970443349753694673e-01 1.938325991189427389e-01 1.920000000000000040e-01 1.942446043165467762e-01 1.830065359477124065e-01 1.864406779661016977e-01 1.654501216545012088e-01 1.640000000000000069e-01 1.588330632090761696e-01 1.519903498190590951e-01 1.359223300970873738e-01 1.241434905280128925e-01
2.352941176470588029e-03 2.238805970149253810e-01 2.285714285714285643e-01 2.297297297297297425e-01 2.322580645161290425e-01 2.222222222222222099e-01 2.247191011235954994e-01 2.268041237113402053e-01 2.318840579710144956e-01 2.251082251082251184e-01 2.204724409448818867e-01 2.127659574468085124e-01 2.057877813504823128e-01 1.949860724233983267e-01 1.866028708133971314e-01 1.889763779527559029e-01 1.722488038277512068e-01 1.684460260972716616e-01 1.560509554140127320e-01 1.459738199127330327e-01
2.352941176470588029e-03 2.500000000000000000e-01 2.535211267605633756e-01 2.533333333333333548e-01 2.547770700636942665e-01 2.528735632183908288e-01 2.541436464088397962e-01 2.538071065989847552e-01 2.571428571428571175e-01 2.478632478632478708e-01 2.325581395348837177e-01 2.369337979094076618e-01 2.215189873417721389e-01 2.082191780821917859e-01 2.117647058823529382e-01 2.093023255813953598e-01 1.852433281004709498e-01 1.869158878504672827e-01 1.739811912225705248e-01 1.639984381101132482e-01
2.352941176470588029e-03 2.753623188405797118e-01 2.777777777777777901e-01 2.763157894736842368e-01 2.874999999999999778e-01 2.727272727272727071e-01 2.826086956521738913e-01 2.800000000000000266e-01 2.816901408450704358e-01 2.689075630252100724e-01 2.519083969465648609e-01 2.542955326460480947e-01 2.429906542056074759e-01 2.210242587601078113e-01 2.320185614849187838e-01 2.290076335877862523e-01 2.071097372488407973e-01 2.071346375143843510e-01 1.882716049382716084e-01 1.753171856978085474e-01
2.352941176470588029e-03 2.999999999999999889e-01 3.013698630136986134e-01 3.096774193548387233e-01 3.086419753086419582e-01 3.016759776536312998e-01 3.101604278074866494e-01 3.054187192118226757e-01 3.041474654377880338e-01 2.892561983471074183e-01 2.706766917293232932e-01 2.837837837837837718e-01 2.638036809815950678e-01 2.446808510638297796e-01 2.511415525114155112e-01 2.443609022556390842e-01 2.222222222222222099e-01 2.242355605889014836e-01 2.021276595744680715e-01 1.923513820522529394e-01
2.352941176470588029e-03 3.239436619718309984e-01 3.355704697986577334e-01 3.312101910828025297e-01 3.393939393939394145e-01 3.296703296703296648e-01 3.368421052631578871e-01 3.203883495145631310e-01 3.181818181818181768e-01 3.020408163265306256e-01 2.962962962962962798e-01 2.933333333333333348e-01 2.779456193353474491e-01 2.617801047120418834e-01 2.786516853932584081e-01 2.629629629629629539e-01 2.428785607196401741e-01 2.343750000000000000e-01 2.215568862275449080e-01 2.036553524804177451e-01
2.352941176470588029e-03 3.472222222222222099e-01 3.576158940397350938e-01 3.522012578616351974e-01 3.592814371257485040e-01 3.478260869565217295e-01 3.541666666666666852e-01 3.349282296650717972e-01 3.318385650224215389e-01 3.293172690763052080e-01 2.919708029197080057e-01 3.147540983606557652e-01 2.916666666666666852e-01 2.835051546391752497e-01 2.926829268292682751e-01 2.773722627737226221e-01 2.599704579025110540e-01 2.486248624862486267e-01 2.330383480825958809e-01 2.197721425946343177e-01
2.352941176470588029e-03 3.809523809523809312e-01 3.660130718954248130e-01 3.827160493827160281e-01 3.882352941176470673e-01 3.743315508021390348e-01 3.794871794871794712e-01 3.584905660377358250e-01 3.612334801762114300e-01 3.492063492063491870e-01 3.093525179856115304e-01 3.365695792880258885e-01 3.049853372434017662e-01 3.053435114503816883e-01 3.013100436681222516e-01 2.913669064748201643e-01 2.649199417758369979e-01 2.535211267605633756e-01 2.456395348837209225e-01 2.310756972111553675e-01
2.352941176470588029e-03 4.026845637583892357e-01 3.870967741935483764e-01 3.902439024390244038e-01 4.069767441860465129e-01 3.915343915343915127e-01 4.040404040404040331e-01 3.813953488372093248e-01 3.826086956521739246e-01 3.593750000000000000e-01 3.262411347517730764e-01 3.578274760383386432e-01 3.179190751445086782e-01 3.258145363408521122e-01 3.189655172413793371e-01 3.014184397163120477e-01 2.812051649928263841e-01 2.649572649572649596e-01 2.593123209169054255e-01 2.449125312388432674e-01
