0.000000000000000000e+00 4.172661870503597270e-01 4.353741496598639293e-01 4.444444444444444198e-01 4.662576687116564145e-01 4.571428571428571286e-01 4.491978609625668639e-01 4.299999999999999933e-01 4.200913242009132187e-01 3.983050847457627053e-01 3.906250000000000000e-01 3.904109589041095951e-01 3.602484472049689579e-01 3.573333333333333361e-01 3.433874709976798001e-01 3.275529865125240692e-01 3.107692307692307421e-01 2.830840046029919344e-01 2.733590733590733346e-01 2.583621683967704530e-01
1.551774070917354836e-02 5.454545454545454281e-02 5.128205128205128027e-02 4.958677685950413361e-02 4.687500000000000000e-02 4.347826086956521618e-02 4.081632653061224164e-02 5.063291139240506250e-02 4.624277456647398615e-02 4.324324324324324564e-02 4.000000000000000083e-02 4.347826086956521618e-02 3.968253968253968034e-02 4.067796610169491234e-02 4.142011834319526964e-02 3.439803439803439805e-02 3.529411764705882304e-02 3.513909224011713128e-02 3.152709359605911088e-02 2.449779519843214154e-02
1.497008160629975833e-02 8.928571428571428770e-02 8.403361344537815802e-02 8.130081300813007950e-02 7.692307692307692735e-02 8.510638297872340219e-02 8.000000000000000167e-02 8.695652173913043237e-02 7.954545454545454419e-02 8.465608465608465139e-02 7.843137254901960675e-02 7.692307692307692735e-02 7.782101167315175205e-02 7.308970099667774778e-02 7.536231884057971453e-02 6.265060240963855887e-02 6.153846153846154188e-02 6.034482758620689918e-02 5.024154589371980506e-02 4.132628543969245338e-02
4.174477552437028671e-01 1.228070175438596423e-01 1.157024793388429784e-01 1.120000000000000023e-01 1.203007518796992414e-01 1.118881118881118880e-01 1.176470588235294101e-01 1.219512195121951192e-01 1.117318435754189876e-01 1.145833333333333287e-01 1.153846153846153910e-01 1.087866108786610941e-01 1.068702290076335853e-01 1.107491856677524367e-01 9.686609686609685965e-02 8.510638297872340219e-02 9.811320754716981729e-02 9.026798307475317196e-02 7.014218009478673244e-02 6.694955209806695284e-02
3.623629901519610091e-02 1.551724137931034531e-01 1.463414634146341375e-01 1.562500000000000000e-01 1.481481481481481399e-01 1.506849315068493067e-01 1.538461538461538547e-01 1.556886227544910239e-01 1.530054644808743203e-01 1.530612244897959218e-01 1.509433962264150886e-01 1.399176954732510303e-01 1.423220973782771404e-01 1.410256410256410242e-01 1.340782122905027907e-01 1.206496519721577676e-01 1.222222222222222182e-01 1.134163208852005528e-01 8.930232558139535037e-02 8.422026839426191569e-02
8.490766908779961292e-03 1.694915254237288060e-01 1.759999999999999898e-01 1.846153846153846256e-01 1.884057971014492794e-01 1.879194630872483285e-01 1.886792452830188815e-01 1.882352941176470562e-01 1.827956989247311870e-01 1.799999999999999933e-01 1.851851851851851749e-01 1.774193548387096864e-01 1.764705882352941291e-01 1.761006289308175987e-01 1.589041095890411093e-01 1.457858769931662801e-01 1.490909090909090795e-01 1.413043478260869457e-01 1.132420091324200934e-01 1.054066333484779683e-01
1.446818340657250346e+00 2.000000000000000111e-01 2.187500000000000000e-01 2.121212121212121271e-01 2.142857142857142738e-01 2.119205298013245031e-01 2.111801242236024945e-01 2.196531791907514464e-01 2.116402116402116285e-01 2.068965517241379282e-01 2.181818181818181712e-01 2.063492063492063378e-01 2.021660649819494449e-01 2.037037037037036924e-01 1.832884097035040460e-01 1.789709172259507930e-01 1.714285714285714302e-01 1.628838451268357912e-01 1.417040358744394712e-01 1.267291387773315514e-01
7.206770596656779035e-03 2.295081967213114804e-01 2.461538461538461675e-01 2.518518518518518268e-01 2.517482517482517723e-01 2.467532467532467522e-01 2.439024390243902385e-01 2.500000000000000000e-01 2.487046632124352286e-01 2.415458937198067535e-01 2.500000000000000000e-01 2.265625000000000000e-01 2.269503546099290725e-01 2.127659574468085124e-01 2.010582010582010470e-01 2.065934065934065811e-01 1.859649122807017496e-01 1.756225425950196650e-01 1.621145374449339260e-01 1.473038141166155279e-01
2.105525226567998148e-02 2.419354838709677491e-01 2.727272727272727071e-01 2.773722627737226221e-01 2.758620689655172376e-01 2.802547770700636875e-01 2.754491017964071919e-01 2.793296089385474690e-01 2.755102040816326259e-01 2.666666666666666630e-01 2.631578947368420907e-01 2.528735632183908288e-01 2.439024390243902385e-01 2.268656716417910557e-01 2.285714285714285643e-01 2.289416846652267690e-01 2.000000000000000111e-01 1.932989690721649556e-01 1.783549783549783496e-01 1.645842309349418442e-01
1.557093718812193328e-01 2.698412698412698263e-01 2.985074626865671377e-01 3.021582733812949728e-01 3.108108108108108003e-01 3.018867924528301772e-01 2.941176470588235392e-01 3.076923076923077094e-01 3.015075376884421843e-01 2.897196261682242757e-01 2.844827586206896686e-01 2.641509433962264120e-01 2.671232876712328896e-01 2.404692082111437035e-01 2.506393861892582953e-01 2.505307855626326963e-01 2.237288135593220317e-01 2.154626108998732581e-01 1.923404255319148826e-01 1.745023295213892489e-01
1.552679572337010289e-02 2.968750000000000000e-01 3.235294117647058987e-01 3.380281690140845008e-01 3.333333333333333148e-01 3.333333333333333148e-01 3.236994219653179239e-01 3.351351351351351537e-01 3.251231527093595974e-01 3.027522935779816682e-01 3.050847457627118842e-01 2.962962962962962798e-01 2.828282828282828176e-01 2.658959537572254117e-01 2.663316582914572739e-01 2.630480167014613846e-01 2.399999999999999911e-01 2.341220423412204155e-01 2.058577405857740517e-01 1.907538525614327352e-01
2.780993584816326831e-314 3.230769230769230949e-01 3.597122302158273222e-01 3.611111111111111049e-01 3.660130718954248130e-01 3.636363636363636465e-01 3.522727272727272929e-01 3.510638297872340496e-01 3.398058252427184622e-01 3.167420814479637858e-01 3.333333333333333148e-01 3.065693430656934448e-01 2.980132450331126059e-01 2.840909090909091161e-01 2.962962962962962798e-01 2.792607802874743084e-01 2.622950819672131284e-01 2.450980392156862642e-01 2.271604938271604979e-01 2.015567390413764981e-01
1.694437315617669873e-02 3.484848484848485084e-01 3.829787234042553168e-01 3.835616438356164171e-01 3.870967741935483764e-01 3.832335329341317598e-01 3.707865168539326017e-01 3.664921465968586367e-01 3.540669856459330300e-01 3.466666666666666785e-01 3.278688524590163689e-01 3.297491039426523329e-01 3.127035830618892231e-01 3.072625698324022436e-01 3.065693430656934448e-01 2.949494949494949614e-01 2.806451612903225756e-01 2.605548854041013218e-01 2.380566801619433126e-01 2.184602982668278903e-01
2.177952345869846211e-314 3.851851851851851860e-01 3.916083916083916150e-01 4.161073825503355805e-01 4.177215189873417778e-01 4.117647058823529216e-01 3.977900552486187680e-01 3.917525773195876249e-01 3.849765258215962493e-01 3.684210526315789269e-01 3.467741935483871218e-01 3.533568904593639703e-01 3.269230769230769273e-01 3.305785123966942241e-01 3.110047846889952283e-01 3.101391650099403763e-01 2.825396825396825351e-01 2.657176749703439866e-01 2.517928286852589848e-01 2.292740975803252701e-01
2.177952345869846211e-314 4.087591240875912413e-01 4.137931034482758563e-01 4.238410596026490063e-01 4.375000000000000000e-01 4.302325581395348708e-01 4.239130434782608647e-01 4.060913705583756306e-01 4.074074074074073848e-01 3.793103448275861878e-01 3.650793650793650591e-01 3.693379790940766738e-01 3.406940063091482562e-01 3.468834688346883466e-01 3.301886792452830011e-01 3.131115459882582996e-01 2.999999999999999889e-01 2.733644859813084138e-01 2.635294117647059009e-01 2.444357672784068791e-01
