0.000000000000000000e+00 4.242424242424242542e-01 4.366197183098591283e-01 4.563758389261745041e-01 4.871794871794871695e-01 4.523809523809523836e-01 4.469273743016759504e-01 4.455958549222797660e-01 4.265402843601895921e-01 4.069264069264069139e-01 3.873517786561264664e-01 4.056939501779359691e-01 3.559870550161812197e-01 3.575418994413407936e-01 3.476190476190476053e-01 3.293650793650793607e-01 3.076923076923077094e-01 2.884386174016686510e-01 2.667731629392971482e-01 2.576540755467197075e-01
2.780072440921170078e-314 5.825242718446602130e-02 5.357142857142856845e-02 5.128205128205128027e-02 4.958677685950413361e-02 4.580152671755725186e-02 4.316546762589928282e-02 5.298013245033112578e-02 4.848484848484848481e-02 4.444444444444444614e-02 4.060913705583756028e-02 4.566210045662100203e-02 4.184100418410041655e-02 4.316546762589928282e-02 4.281345565749235249e-02 3.571428571428571230e-02 3.719008264462810021e-02 3.675344563552833399e-02 3.292181069958848016e-02 2.557544757033248031e-02
2.780073942880733435e-314 9.523809523809523281e-02 8.771929824561403022e-02 8.403361344537815802e-02 8.130081300813007950e-02 8.955223880597014408e-02 8.450704225352112520e-02 9.090909090909091161e-02 8.333333333333332871e-02 8.695652173913043237e-02 7.960199004975124226e-02 8.071748878923766524e-02 8.196721311475409222e-02 7.042253521126760896e-02 7.784431137724551197e-02 6.500000000000000222e-02 6.477732793522267274e-02 6.306306306306305731e-02 5.040322580645160977e-02 4.310776942355890040e-02
2.780071934997948736e-314 1.308411214953270896e-01 1.206896551724137984e-01 1.157024793388429784e-01 1.269841269841269771e-01 1.176470588235294101e-01 1.241379310344827569e-01 1.273885350318471332e-01 1.169590643274853736e-01 1.176470588235294101e-01 1.170731707317073239e-01 1.140350877192982393e-01 1.124497991967871452e-01 1.103448275862068950e-01 1.000000000000000056e-01 8.823529411764706454e-02 1.031746031746031689e-01 9.425625920471281116e-02 6.916996047430830352e-02 6.879606879606879610e-02
2.780071571365633397e-314 1.651376146788990917e-01 1.525423728813559421e-01 1.612903225806451568e-01 1.562500000000000000e-01 1.582733812949640162e-01 1.621621621621621712e-01 1.625000000000000056e-01 1.485714285714285765e-01 1.570680628272251300e-01 1.531100478468899462e-01 1.465517241379310220e-01 1.496062992125984370e-01 1.423728813559322071e-01 1.383285302593660060e-01 1.250000000000000000e-01 1.284046692607003770e-01 1.183261183261183208e-01 8.914728682170543206e-02 8.674698795180722788e-02
2.779555039566744457e-314 1.801801801801801717e-01 1.833333333333333204e-01 1.904761904761904656e-01 1.984732824427480891e-01 1.971830985915492829e-01 1.986754966887417095e-01 1.963190184049079801e-01 1.797752808988763995e-01 1.846153846153846256e-01 1.877934272300469387e-01 1.856540084388185741e-01 1.776061776061776121e-01 1.794019933554817370e-01 1.638418079096045088e-01 1.509433962264150886e-01 1.564885496183206215e-01 1.473087818696883766e-01 1.121673003802281382e-01 1.078014184397163150e-01
2.780994280460756176e-314 2.123893805309734484e-01 2.276422764227642170e-01 2.187500000000000000e-01 2.255639097744360777e-01 2.222222222222222099e-01 2.091503267973856273e-01 2.289156626506023973e-01 2.099447513812154609e-01 2.121212121212121271e-01 2.211981566820276635e-01 2.157676348547717948e-01 2.045454545454545581e-01 2.084690553745928432e-01 1.888888888888888840e-01 1.851851851851851749e-01 1.797752808988763995e-01 1.696801112656467214e-01 1.417910447761193959e-01 1.280742459396751742e-01
2.780994217220353508e-314 2.434782608695652273e-01 2.560000000000000053e-01 2.595419847328244156e-01 2.647058823529411797e-01 2.585034013605442271e-01 2.435897435897435848e-01 2.603550295857988139e-01 2.486486486486486625e-01 2.475247524752475226e-01 2.533936651583710287e-01 2.367346938775510279e-01 2.230483271375464649e-01 2.179487179487179516e-01 2.070844686648501409e-01 2.090909090909090773e-01 1.948529411764705899e-01 1.828103683492496578e-01 1.630036630036630074e-01 1.485193621867881564e-01
2.780994628282970848e-314 2.564102564102563875e-01 2.834645669291338543e-01 2.857142857142856984e-01 2.898550724637681264e-01 2.933333333333333348e-01 2.767295597484276670e-01 2.906976744186046679e-01 2.765957446808510745e-01 2.731707317073170938e-01 2.666666666666666630e-01 2.640000000000000124e-01 2.408759124087591352e-01 2.264150943396226467e-01 2.299465240641711261e-01 2.321428571428571508e-01 2.093862815884476591e-01 2.010723860589812284e-01 1.780575539568345356e-01 1.646532438478747196e-01
2.780992462299179480e-314 2.857142857142856984e-01 3.100775193798449569e-01 3.111111111111111160e-01 3.262411347517730764e-01 3.026315789473684181e-01 2.962962962962962798e-01 3.200000000000000067e-01 3.036649214659685736e-01 2.966507177033492759e-01 2.882096069868995691e-01 2.755905511811023723e-01 2.652329749103942702e-01 2.407407407407407274e-01 2.526315789473684292e-01 2.543859649122807154e-01 2.340425531914893664e-01 2.239789196310935371e-01 1.925795053003533652e-01 1.740659340659340693e-01
2.780994770573876850e-314 3.140495867768595128e-01 3.358778625954198516e-01 3.478260869565217295e-01 3.496503496503496344e-01 3.354838709677419595e-01 3.151515151515151270e-01 3.483146067415730518e-01 3.282051282051282048e-01 3.098591549295774406e-01 3.090128755364807134e-01 3.088803088803088737e-01 2.816901408450704358e-01 2.674772036474163950e-01 2.687338501291989812e-01 2.672413793103448065e-01 2.508710801393728151e-01 2.432082794307891260e-01 2.031250000000000000e-01 1.909287257019438577e-01
2.780075982383719468e-314 3.414634146341463672e-01 3.731343283582089776e-01 3.714285714285714413e-01 3.835616438356164171e-01 3.670886075949367222e-01 3.452380952380952328e-01 3.646408839779005651e-01 3.434343434343434254e-01 3.240740740740740700e-01 3.291139240506328889e-01 3.193916349809886035e-01 2.975778546712802841e-01 2.865671641791044943e-01 2.994923857868020400e-01 2.796610169491525189e-01 2.671232876712328896e-01 2.519083969465648609e-01 2.235494880546075036e-01 2.004246284501061681e-01
2.780751737706424958e-314 3.679999999999999938e-01 3.970588235294117418e-01 3.943661971830985657e-01 4.054054054054054279e-01 3.875000000000000111e-01 3.647058823529411575e-01 3.804347826086956763e-01 3.582089552238805763e-01 3.545454545454545525e-01 3.236514522821576922e-01 3.432835820895522305e-01 3.061224489795918435e-01 3.108504398826979487e-01 3.099999999999999978e-01 2.958333333333333370e-01 2.828282828282828176e-01 2.678347934918648421e-01 2.315436241610738244e-01 2.162839248434237915e-01
2.177952345869846211e-314 4.062500000000000000e-01 4.057971014492753881e-01 4.275862068965517460e-01 4.370860927152317998e-01 4.171779141104294264e-01 3.930635838150289274e-01 4.064171122994652552e-01 3.902439024390244038e-01 3.766816143497757619e-01 3.428571428571428603e-01 3.676470588235294379e-01 3.210702341137123828e-01 3.352601156069364152e-01 3.144963144963144885e-01 3.114754098360655865e-01 2.847682119205298124e-01 2.730627306273062938e-01 2.458745874587458802e-01 2.275154004106776096e-01
2.177952345869846211e-314 4.153846153846154077e-01 4.285714285714285476e-01 4.353741496598639293e-01 4.575163398692810302e-01 4.363636363636363424e-01 4.204545454545454697e-01 4.210526315789473450e-01 4.134615384615384359e-01 3.876651982378854777e-01 3.614457831325301185e-01 3.840579710144927383e-01 3.355263157894736725e-01 3.465909090909091161e-01 3.341404358353510795e-01 3.145161290322580627e-01 2.964169381107492063e-01 2.808716707021791659e-01 2.564935064935064957e-01 2.432323232323232443e-01
