1.383383808355490324e-321 4.102564102564102422e-01 3.902439024390244038e-01 3.885714285714285676e-01 4.042553191489361430e-01 4.081632653061224580e-01 4.056603773584905870e-01 3.893805309734513220e-01 3.775100401606425460e-01 3.717472118959107563e-01 3.469387755102040782e-01 3.625377643504531511e-01 3.279569892473118142e-01 3.247058823529411775e-01 3.219315895372233394e-01 3.074324324324324564e-01 2.922868741542625215e-01 2.727272727272727071e-01 2.662162162162162171e-01 2.601078167115902784e-01
1.314214617937715808e-321 4.724409448818897572e-02 4.477611940298507204e-02 4.195804195804195974e-02 3.921568627450980338e-02 3.773584905660377214e-02 3.488372093023255766e-02 4.347826086956521618e-02 3.940886699507389207e-02 3.669724770642202039e-02 3.361344537815125905e-02 3.717472118959107980e-02 3.311258278145695622e-02 3.478260869565217434e-02 3.465346534653465649e-02 3.333333333333333287e-02 3.338898163606009856e-02 3.233830845771144130e-02 2.999999999999999889e-02 2.408637873754152989e-02
1.753933042736425232e-321 7.751937984496123923e-02 7.352941176470588480e-02 6.896551724137930939e-02 6.451612903225806273e-02 7.407407407407406996e-02 6.857142857142857484e-02 7.486631016042780140e-02 6.796116504854368690e-02 7.207207207207207145e-02 6.611570247933884481e-02 6.593406593406593574e-02 6.514657980456026176e-02 6.837606837606838295e-02 6.326034063260341234e-02 5.737704918032787010e-02 5.582922824302134768e-02 5.385556915544675860e-02 4.590163934426229331e-02 4.166666666666666435e-02
6.422853395936205074e-323 1.068702290076335853e-01 1.014492753623188470e-01 9.523809523809523281e-02 1.012658227848101250e-01 9.756097560975610095e-02 1.011235955056179747e-01 1.052631578947368363e-01 9.569377990430621983e-02 9.777777777777778290e-02 9.756097560975610095e-02 1.007194244604316530e-01 9.615384615384615918e-02 1.008403361344537841e-01 8.633093525179856564e-02 7.661290322580645296e-02 8.723747980613894004e-02 8.192771084337349685e-02 6.612903225806451846e-02 6.430868167202571928e-02
1.719348447527537974e-321 1.353383458646616466e-01 1.285714285714285587e-01 1.333333333333333315e-01 1.250000000000000000e-01 1.317365269461077959e-01 1.325966850828729227e-01 1.347150259067357581e-01 1.314553990610328738e-01 1.310043668122270744e-01 1.280000000000000027e-01 1.276595744680850963e-01 1.261829652996845352e-01 1.270718232044198981e-01 1.179245283018867940e-01 1.071428571428571369e-01 1.081081081081081141e-01 1.018957345971563955e-01 8.412698412698413342e-02 8.227848101265822223e-02
1.427849716481202513e-321 1.629629629629629761e-01 1.549295774647887203e-01 1.578947368421052544e-01 1.595092024539877251e-01 1.647058823529411742e-01 1.630434782608695676e-01 1.632653061224489666e-01 1.574074074074074125e-01 1.630901287553647994e-01 1.574803149606299191e-01 1.602787456445992909e-01 1.552795031055900499e-01 1.576086956521739191e-01 1.392111368909512703e-01 1.289062500000000000e-01 1.314553990610328738e-01 1.260210035005834284e-01 1.046875000000000028e-01 1.035825545171339540e-01
1.581010066691988941e-322 1.897810218978102093e-01 1.931034482758620663e-01 1.818181818181818232e-01 1.818181818181818232e-01 1.860465116279069742e-01 1.827956989247311870e-01 1.909547738693467278e-01 1.826484018264840081e-01 1.864406779661016977e-01 1.860465116279069742e-01 1.855670103092783574e-01 1.773700305810397559e-01 1.818181818181818232e-01 1.601830663615560757e-01 1.576923076923076872e-01 1.510015408320493080e-01 1.471264367816091934e-01 1.307692307692307765e-01 1.234662576687116514e-01
1.482196937523739633e-322 2.158273381294963933e-01 2.176870748299319647e-01 2.165605095541401348e-01 2.142857142857142738e-01 2.171428571428571375e-01 2.116402116402116285e-01 2.178217821782178210e-01 2.152466367713004591e-01 2.166666666666666741e-01 2.137404580152671707e-01 2.033898305084745894e-01 1.987951807228915679e-01 1.899736147757255800e-01 1.801801801801801717e-01 1.818181818181818232e-01 1.699544764795144214e-01 1.628959276018099589e-01 1.515151515151515194e-01 1.450151057401812826e-01
1.872508797738324402e-321 2.411347517730496326e-01 2.416107382550335692e-01 2.389937106918239018e-01 2.352941176470588203e-01 2.471910112359550493e-01 2.395833333333333426e-01 2.439024390243902385e-01 2.389380530973451433e-01 2.386831275720164569e-01 2.255639097744360777e-01 2.266666666666666552e-01 2.136498516320474717e-01 2.025974025974026094e-01 2.039911308203991025e-01 2.014925373134328346e-01 1.823617339312406660e-01 1.806020066889632014e-01 1.686567164179104406e-01 1.622023809523809590e-01
1.887330767113561799e-321 2.657342657342657288e-01 2.649006622516556497e-01 2.608695652173912971e-01 2.658959537572254117e-01 2.666666666666666630e-01 2.666666666666666630e-01 2.692307692307692180e-01 2.620087336244541487e-01 2.591093117408906910e-01 2.444444444444444364e-01 2.434210526315789547e-01 2.339181286549707472e-01 2.148337595907928443e-01 2.231947483588621328e-01 2.205882352941176405e-01 2.032400589101620025e-01 2.000000000000000111e-01 1.823529411764705788e-01 1.744868035190615951e-01
6.768699348025077655e-322 2.896551724137931272e-01 2.875816993464052063e-01 2.926829268292682751e-01 2.857142857142856984e-01 2.950819672131147486e-01 2.929292929292929282e-01 2.938388625592416870e-01 2.832618025751073021e-01 2.788844621513943967e-01 2.700729927007299302e-01 2.718446601941747476e-01 2.536023054755043304e-01 2.373737373737373757e-01 2.413793103448275967e-01 2.355072463768115854e-01 2.177068214804063762e-01 2.164502164502164483e-01 1.985507246376811696e-01 1.921965317919075156e-01
1.912034049405624126e-321 3.129251700680272252e-01 3.205128205128205399e-01 3.132530120481927804e-01 3.146067415730336991e-01 3.225806451612903136e-01 3.184079601990049690e-01 3.084112149532710068e-01 2.966101694915254106e-01 2.913385826771653364e-01 2.949640287769784153e-01 2.811501597444089340e-01 2.670454545454545303e-01 2.537313432835821003e-01 2.675159235668789770e-01 2.535714285714285587e-01 2.374821173104434968e-01 2.283884738527214575e-01 2.171428571428571375e-01 2.037037037037036924e-01
1.892271423571974264e-321 3.355704697986577334e-01 3.417721518987341667e-01 3.333333333333333148e-01 3.333333333333333148e-01 3.404255319148936088e-01 3.349753694581280583e-01 3.225806451612903136e-01 3.179916317991631769e-01 3.178294573643410947e-01 2.907801418439716068e-01 3.018867924528301772e-01 2.801120448179271749e-01 2.745098039215686514e-01 2.809224318658281039e-01 2.676056338028168780e-01 2.566995768688293267e-01 2.421052631578947401e-01 2.295774647887323938e-01 2.198033707865168496e-01
1.482196937523739633e-323 3.684210526315789269e-01 3.499999999999999778e-01 3.625730994152046582e-01 3.606557377049180446e-01 3.664921465968586367e-01 3.592233009708737934e-01 3.454545454545454586e-01 3.456790123456789932e-01 3.371647509578544200e-01 3.076923076923077094e-01 3.229813664596273282e-01 2.928176795580110237e-01 2.953995157384987635e-01 2.892561983471074183e-01 2.847222222222222099e-01 2.614742698191933057e-01 2.468879668049792642e-01 2.416666666666666685e-01 2.306094182825484673e-01
9.189621012647185722e-322 3.896103896103896291e-01 3.703703703703703498e-01 3.699421965317918892e-01 3.783783783783783994e-01 3.834196891191709589e-01 3.827751196172248793e-01 3.677130044843049395e-01 3.658536585365853577e-01 3.547169811320754484e-01 3.241379310344827402e-01 3.435582822085889720e-01 3.051771117166212632e-01 3.150357995226730212e-01 3.061224489795918435e-01 2.945205479452054909e-01 2.798353909465020606e-01 2.620266120777891561e-01 2.547945205479452135e-01 2.459016393442622905e-01
