0.000000000000000000e+00 4.159999999999999809e-01 4.122137404580152875e-01 4.647887323943661886e-01 4.903225806451612656e-01 4.654088050314465486e-01 4.534883720930232287e-01 4.699453551912568527e-01 4.444444444444444198e-01 4.200913242009132187e-01 4.049586776859503967e-01 4.075471698113207752e-01 3.583061889250814258e-01 3.695014662756598289e-01 3.517587939698492705e-01 3.361344537815126321e-01 3.084577114427860534e-01 2.889447236180904266e-01 2.685571309424520381e-01 2.564962279966471193e-01
2.781040351094099580e-314 6.250000000000000000e-02 5.940594059405940319e-02 5.454545454545454281e-02 5.000000000000000278e-02 4.918032786885245811e-02 4.545454545454545581e-02 5.673758865248226813e-02 5.263157894736841813e-02 4.761904761904761640e-02 4.301075268817204644e-02 4.926108374384236682e-02 4.219409282700421759e-02 4.597701149425287293e-02 4.590163934426229331e-02 3.846153846153846367e-02 3.887688984881209481e-02 3.934426229508197065e-02 3.482045701849836861e-02 2.738225629791894711e-02
2.781041299700139595e-314 8.163265306122448328e-02 7.766990291262135249e-02 8.928571428571428770e-02 8.196721311475409222e-02 9.600000000000000200e-02 8.888888888888889228e-02 9.722222222222222376e-02 9.032258064516128504e-02 9.302325581395348708e-02 8.421052631578947179e-02 7.729468599033816056e-02 8.264462809917355601e-02 7.490636704119850442e-02 7.692307692307692735e-02 6.989247311827956333e-02 6.765327695560253984e-02 6.741573033707864981e-02 5.324813631522896940e-02 4.394426580921757808e-02
2.781042248306179611e-314 1.199999999999999956e-01 1.142857142857142821e-01 1.228070175438596423e-01 1.280000000000000027e-01 1.259842519685039353e-01 1.304347826086956486e-01 1.360544217687074953e-01 1.265822784810126667e-01 1.257142857142857229e-01 1.237113402061855716e-01 1.132075471698113234e-01 1.133603238866396773e-01 1.172161172161172160e-01 1.006289308176100683e-01 9.473684210526316096e-02 1.076604554865424473e-01 1.006289308176100683e-01 7.299270072992700142e-02 6.715634837355718978e-02
2.781043196912219626e-314 1.568627450980392135e-01 1.308411214953270896e-01 1.709401709401709435e-01 1.574803149606299191e-01 1.692307692307692402e-01 1.702127659574468044e-01 1.733333333333333393e-01 1.604938271604938183e-01 1.675977653631284814e-01 1.616161616161616299e-01 1.481481481481481399e-01 1.507936507936507853e-01 1.510791366906474864e-01 1.415384615384615297e-01 1.340206185567010266e-01 1.338742393509127770e-01 1.261538461538461442e-01 9.193054136874360960e-02 8.427543679342240635e-02
2.781044145518259641e-314 1.730769230769230727e-01 1.651376146788990917e-01 2.016806722689075682e-01 2.000000000000000111e-01 2.105263157894736725e-01 2.083333333333333426e-01 2.091503267973856273e-01 1.818181818181818232e-01 1.967213114754098324e-01 1.980198019801980291e-01 1.809954751131221673e-01 1.789883268482490297e-01 1.901408450704225317e-01 1.686746987951807109e-01 1.616161616161616299e-01 1.630218687872763417e-01 1.568627450980392135e-01 1.141141141141141097e-01 1.067472306143000954e-01
2.781045094124299656e-314 2.075471698113207641e-01 2.142857142857142738e-01 2.314049586776859568e-01 2.272727272727272652e-01 2.370370370370370461e-01 2.191780821917808098e-01 2.435897435897435848e-01 2.142857142857142738e-01 2.258064516129032195e-01 2.330097087378640852e-01 2.133333333333333470e-01 2.061068702290076438e-01 2.206896551724137900e-01 1.952662721893491105e-01 1.980198019801980291e-01 1.871345029239765978e-01 1.745562130177514826e-01 1.413150147203140472e-01 1.273445212240868762e-01
2.781046042730339671e-314 2.407407407407407274e-01 2.456140350877192846e-01 2.741935483870967527e-01 2.666666666666666630e-01 2.753623188405797118e-01 2.416107382550335692e-01 2.767295597484276670e-01 2.558139534883721034e-01 2.631578947368420907e-01 2.666666666666666630e-01 2.358078602620087283e-01 2.247191011235954994e-01 2.305084745762711884e-01 2.144927536231883980e-01 2.233009708737864196e-01 1.988527724665392071e-01 1.884057971014492794e-01 1.636188642925890391e-01 1.490803484995159855e-01
2.781046991336379687e-314 2.545454545454545192e-01 2.758620689655172376e-01 3.015873015873015706e-01 2.919708029197080057e-01 3.120567375886524886e-01 2.763157894736842368e-01 3.086419753086419582e-01 2.857142857142856984e-01 2.901554404145077481e-01 2.803738317757009102e-01 2.649572649572649596e-01 2.426470588235294101e-01 2.392026578073089826e-01 2.386363636363636465e-01 2.476190476190476275e-01 2.101313320825516084e-01 2.076813655761024224e-01 1.794145420207743091e-01 1.652421652421652287e-01
2.780967023847206406e-314 2.678571428571428492e-01 3.050847457627118842e-01 3.281250000000000000e-01 3.285714285714285698e-01 3.216783216783216659e-01 2.967741935483870774e-01 3.393939393939394145e-01 3.146067415730336991e-01 3.147208121827411165e-01 3.027522935779816682e-01 2.773109243697479132e-01 2.671480144404332346e-01 2.540716612377850181e-01 2.625698324022346375e-01 2.663551401869158619e-01 2.320441988950276146e-01 2.262569832402234749e-01 1.946246524559777646e-01 1.752096924510717635e-01
2.780967972453246421e-314 2.982456140350877027e-01 3.333333333333333148e-01 3.664122137404580148e-01 3.521126760563380031e-01 3.561643835616438158e-01 3.164556962025316666e-01 3.690476190476190688e-01 3.406593406593406703e-01 3.283582089552238847e-01 3.243243243243243423e-01 3.127572016460905546e-01 2.836879432624113684e-01 2.820512820512820484e-01 2.794520547945205657e-01 2.798165137614678777e-01 2.495479204339963730e-01 2.438356164383561620e-01 2.056414922656960853e-01 1.930466605672461200e-01
2.780993600626427498e-314 3.275862068965517127e-01 3.739837398373983546e-01 3.909774436090225347e-01 3.862068965517241326e-01 3.892617449664429463e-01 3.478260869565217295e-01 3.859649122807017330e-01 3.567567567567567766e-01 3.431372549019607865e-01 3.451327433628318397e-01 3.238866396761133637e-01 2.996515679442508517e-01 3.018867924528301772e-01 3.118279569892473124e-01 2.927927927927927998e-01 2.664298401420959195e-01 2.530282637954239799e-01 2.269883824843610398e-01 2.021563342318059286e-01
2.780791784691414266e-314 3.559322033898305038e-01 3.840000000000000080e-01 4.148148148148148029e-01 4.081632653061224580e-01 4.105960264900662127e-01 3.680981595092024383e-01 4.022988505747126520e-01 3.723404255319148759e-01 3.750000000000000000e-01 3.391304347826086807e-01 3.492063492063491870e-01 3.082191780821917915e-01 3.271604938271605034e-01 3.227513227513227334e-01 3.097345132743362650e-01 2.827225130890052562e-01 2.698412698412698263e-01 2.352941176470588203e-01 2.171226831421006198e-01
2.780099618484216513e-314 3.966942148760330689e-01 3.937007874015748254e-01 4.347826086956521618e-01 4.400000000000000022e-01 4.415584415584415390e-01 3.975903614457831359e-01 4.293785310734463123e-01 4.062500000000000000e-01 3.981042654028436045e-01 3.589743589743589758e-01 3.750000000000000000e-01 3.232323232323232598e-01 3.465045592705167099e-01 3.220779220779220742e-01 3.217391304347825831e-01 2.847341337907375869e-01 2.753246753246753054e-01 2.467644521138912805e-01 2.281006071118820422e-01
2.781040540815307583e-314 4.065040650406503975e-01 4.186046511627907196e-01 4.428571428571428381e-01 4.605263157894736725e-01 4.487179487179487336e-01 4.260355029585798925e-01 4.444444444444444198e-01 4.307692307692307931e-01 4.093023255813953432e-01 3.781512605042016695e-01 3.923076923076923017e-01 3.377483443708609312e-01 3.582089552238805763e-01 3.375959079283887276e-01 3.247863247863247982e-01 2.967959527824620691e-01 2.835249042145593923e-01 2.578456318914333911e-01 2.438192668371696459e-01
