0.000000000000000000e+00 2.105263157894736725e-01 1.355932203389830504e-01 2.058823529411764608e-01 2.162162162162162282e-01 1.126760563380281716e-01 2.168674698795180766e-01 1.318681318681318715e-01 1.960784313725490169e-01 1.296296296296296224e-01 2.434782608695652273e-01 1.746031746031745935e-01 3.599999999999999867e-01 2.754491017964071919e-01 2.279792746113989688e-01 3.377777777777777879e-01 3.498349834983498496e-01 2.962962962962962798e-01 2.750424448217317352e-01 2.228024369016536055e-01
1.857686828363087006e-321 1.428571428571428492e-01 0.000000000000000000e+00 5.555555555555555247e-02 0.000000000000000000e+00 0.000000000000000000e+00 4.651162790697674354e-02 0.000000000000000000e+00 0.000000000000000000e+00 3.508771929824561209e-02 3.389830508474576259e-02 0.000000000000000000e+00 2.500000000000000139e-02 4.597701149425287293e-02 0.000000000000000000e+00 5.309734513274336209e-02 7.361963190184049599e-02 6.250000000000000000e-02 7.119741100323624672e-02 4.753820033955857144e-02
1.857686828363087006e-321 1.333333333333333315e-01 6.451612903225806273e-02 5.263157894736841813e-02 0.000000000000000000e+00 0.000000000000000000e+00 4.347826086956521618e-02 0.000000000000000000e+00 0.000000000000000000e+00 3.278688524590164105e-02 6.349206349206348854e-02 2.941176470588235253e-02 7.058823529411764608e-02 6.451612903225806273e-02 1.869158878504672758e-02 1.157024793388429784e-01 1.040462427745664775e-01 1.073170731707317055e-01 1.033434650455927056e-01 7.949125596184419829e-02
1.857686828363087006e-321 1.250000000000000000e-01 6.060606060606060774e-02 5.000000000000000278e-02 0.000000000000000000e+00 0.000000000000000000e+00 4.081632653061224164e-02 0.000000000000000000e+00 0.000000000000000000e+00 3.125000000000000000e-02 5.970149253731343170e-02 2.739726027397260122e-02 1.111111111111111049e-01 8.080808080808081495e-02 5.309734513274336209e-02 1.395348837209302306e-01 1.530054644808743203e-01 1.467889908256880815e-01 1.260744985673352414e-01 1.046337817638266082e-01
1.857686828363087006e-321 1.176470588235294101e-01 5.714285714285714107e-02 4.651162790697674354e-02 0.000000000000000000e+00 4.761904761904761640e-02 1.153846153846153910e-01 6.896551724137930939e-02 0.000000000000000000e+00 2.941176470588235253e-02 1.126760563380281716e-01 5.194805194805195148e-02 1.473684210526315652e-01 1.153846153846153910e-01 1.166666666666666685e-01 1.897810218978102093e-01 2.072538860103626812e-01 1.810344827586206906e-01 1.463414634146341375e-01 1.297602256699576795e-01
1.857686828363087006e-321 1.111111111111111049e-01 5.405405405405405705e-02 4.444444444444444614e-02 0.000000000000000000e+00 8.888888888888889228e-02 1.090909090909090856e-01 6.557377049180328210e-02 2.898550724637681195e-02 5.555555555555555247e-02 1.333333333333333315e-01 4.878048780487805047e-02 2.000000000000000111e-01 1.090909090909090856e-01 1.574803149606299191e-01 2.206896551724137900e-01 2.463054187192118272e-01 2.285714285714285643e-01 1.696658097686375433e-01 1.548731642189586089e-01
1.857686828363087006e-321 2.105263157894736725e-01 5.000000000000000278e-02 4.255319148936170109e-02 3.921568627450980338e-02 8.510638297872340219e-02 1.403508771929824483e-01 6.250000000000000000e-02 5.555555555555555247e-02 5.333333333333333676e-02 1.265822784810126667e-01 6.976744186046511531e-02 2.095238095238095288e-01 1.551724137931034531e-01 1.654135338345864570e-01 2.483660130718954306e-01 2.723004694835680639e-01 2.403100775193798555e-01 1.809290953545232283e-01 1.673003802281368690e-01
1.857686828363087006e-321 2.000000000000000111e-01 4.761904761904761640e-02 1.199999999999999956e-01 3.703703703703703498e-02 1.199999999999999956e-01 1.333333333333333315e-01 5.970149253731343170e-02 7.894736842105262720e-02 1.265822784810126667e-01 1.445783132530120418e-01 6.666666666666666574e-02 2.181818181818181712e-01 1.818181818181818232e-01 1.714285714285714302e-01 2.732919254658385255e-01 2.959641255605381382e-01 2.426470588235294101e-01 2.051282051282051211e-01 1.809408926417370445e-01
1.857686828363087006e-321 1.904761904761904656e-01 9.090909090909091161e-02 1.153846153846153910e-01 7.142857142857142461e-02 1.132075471698113234e-01 1.269841269841269771e-01 8.571428571428571508e-02 1.012658227848101250e-01 1.219512195121951192e-01 1.379310344827586188e-01 8.421052631578947179e-02 2.608695652173912971e-01 2.047244094488188948e-01 1.768707482993197300e-01 3.076923076923077094e-01 3.090128755364807134e-01 2.456140350877192846e-01 2.182628062360801868e-01 1.864211737629459242e-01
1.857686828363087006e-321 1.818181818181818232e-01 8.695652173913043237e-02 1.111111111111111049e-01 1.355932203389830504e-01 1.090909090909090856e-01 1.515151515151515194e-01 1.095890410958904049e-01 1.219512195121951192e-01 1.395348837209302306e-01 1.318681318681318715e-01 1.010101010101010083e-01 2.666666666666666630e-01 2.105263157894736725e-01 1.960784313725490169e-01 3.276836158192090176e-01 3.209876543209876365e-01 2.684563758389261756e-01 2.217484008528784745e-01 1.870187018701870152e-01
1.857686828363087006e-321 1.739130434782608647e-01 8.333333333333332871e-02 1.403508771929824483e-01 1.311475409836065642e-01 1.034482758620689641e-01 2.028985507246376940e-01 1.052631578947368363e-01 1.395348837209302306e-01 1.333333333333333315e-01 1.473684210526315652e-01 9.615384615384615918e-02 2.720000000000000195e-01 2.173913043478260809e-01 2.000000000000000111e-01 3.351351351351351537e-01 3.478260869565217295e-01 2.884615384615384359e-01 2.372188139059304701e-01 1.938883034773445646e-01
1.857686828363087006e-321 1.666666666666666574e-01 7.843137254901960675e-02 1.355932203389830504e-01 1.562500000000000000e-01 9.836065573770491621e-02 1.944444444444444475e-01 1.265822784810126667e-01 1.348314606741572996e-01 1.505376344086021556e-01 1.818181818181818232e-01 9.259259259259258745e-02 2.769230769230769384e-01 2.222222222222222099e-01 1.916167664670658799e-01 3.316062176165803232e-01 3.498098859315589282e-01 2.830769230769230593e-01 2.554027504911591251e-01 1.941354903943377230e-01
1.857686828363087006e-321 1.600000000000000033e-01 7.547169811320754429e-02 1.639344262295081844e-01 1.515151515151515194e-01 9.523809523809523281e-02 1.891891891891891997e-01 1.219512195121951192e-01 1.521739130434782705e-01 1.443298969072164817e-01 1.747572815533980639e-01 1.238938053097345116e-01 2.814814814814814992e-01 2.266666666666666552e-01 1.965317919075144637e-01 3.283582089552238847e-01 3.516483516483516758e-01 3.076923076923077094e-01 2.608695652173912971e-01 2.040816326530612290e-01
1.852746171904674541e-321 1.886792452830188815e-01 1.090909090909090856e-01 1.562500000000000000e-01 2.028985507246376940e-01 9.090909090909091161e-02 1.818181818181818232e-01 1.176470588235294101e-01 1.666666666666666574e-01 1.400000000000000133e-01 1.869158878504672827e-01 1.538461538461538547e-01 2.999999999999999889e-01 2.451612903225806328e-01 1.888888888888888840e-01 3.444976076555024136e-01 3.392226148409894226e-01 3.011363636363636465e-01 2.622950819672131284e-01 2.020579981290926141e-01
2.177952345869846211e-314 1.818181818181818232e-01 1.403508771929824483e-01 1.515151515151515194e-01 2.253521126760563431e-01 1.176470588235294101e-01 2.000000000000000111e-01 1.363636363636363535e-01 1.818181818181818232e-01 1.346153846153846090e-01 1.981981981981981999e-01 1.487603305785124008e-01 3.172413793103448509e-01 2.608695652173912971e-01 2.150537634408602183e-01 3.317972350230414813e-01 3.549488054607508603e-01 3.013698630136986134e-01 2.671353251318102084e-01 2.164111812443642868e-01
