0.000000000000000000e+00 3.300970873786407966e-01 3.428571428571428603e-01 3.963963963963963999e-01 4.745762711864406902e-01 3.593750000000000000e-01 4.233576642335766249e-01 4.137931034482758563e-01 4.099378881987577605e-01 4.044943820224718989e-01 4.766839378238341696e-01 4.423076923076922906e-01 4.166666666666666852e-01 4.296296296296296391e-01 3.839009287925696512e-01 3.693931398416886447e-01 3.368421052631578871e-01 3.171114599686028490e-01 2.734864300626304590e-01 2.502628811777076745e-01
2.177952345869846211e-314 5.405405405405405705e-02 2.666666666666666838e-02 5.063291139240506250e-02 7.228915662650602092e-02 2.197802197802197974e-02 4.123711340206185488e-02 1.941747572815533812e-02 6.956521739130434867e-02 4.724409448818897572e-02 5.839416058394160391e-02 4.109589041095890183e-02 5.882352941176470507e-02 6.315789473684210731e-02 5.217391304347825803e-02 4.494382022471909988e-02 4.776119402985074675e-02 3.991130820399112905e-02 3.834808259587020596e-02 2.831594634873323482e-02
2.177952345869846211e-314 7.894736842105262720e-02 5.194805194805195148e-02 7.407407407407406996e-02 9.411764705882352811e-02 8.510638297872340219e-02 1.000000000000000056e-01 7.547169811320754429e-02 1.186440677966101725e-01 1.068702290076335853e-01 1.134751773049645363e-01 8.000000000000000167e-02 1.142857142857142821e-01 1.020408163265306145e-01 9.282700421940928703e-02 8.000000000000000167e-02 8.115942028985506651e-02 7.327586206896551102e-02 6.017191977077363668e-02 4.775687409551374746e-02
2.177952345869846211e-314 1.282051282051281937e-01 1.012658227848101250e-01 9.638554216867470381e-02 1.590909090909090884e-01 8.333333333333332871e-02 1.553398058252427050e-01 1.284403669724770714e-01 1.487603305785124008e-01 1.343283582089552231e-01 1.517241379310344807e-01 1.290322580645161255e-01 1.444444444444444309e-01 1.485148514851485080e-01 1.234567901234567833e-01 1.130742049469964650e-01 1.239436619718309873e-01 1.132075471698113234e-01 8.635097493036211769e-02 7.172995780590717130e-02
2.177952345869846211e-314 1.499999999999999944e-01 9.876543209876542662e-02 1.162790697674418589e-01 1.777777777777777846e-01 1.414141414141414088e-01 2.075471698113207641e-01 1.785714285714285754e-01 1.439999999999999891e-01 1.594202898550724501e-01 1.879194630872483285e-01 1.761006289308175987e-01 1.945945945945946054e-01 1.932367149758454083e-01 1.759999999999999898e-01 1.649484536082474195e-01 1.534246575342465835e-01 1.466395112016293245e-01 1.084010840108401152e-01 9.439124487004103836e-02
2.177952345869846211e-314 1.707317073170731836e-01 1.204819277108433728e-01 1.363636363636363535e-01 2.150537634408602183e-01 1.960784313725490169e-01 2.568807339449541427e-01 2.086956521739130321e-01 1.718750000000000000e-01 1.830985915492957805e-01 2.352941176470588203e-01 2.195121951219512202e-01 2.315789473684210509e-01 2.441314553990610314e-01 2.101167315175097305e-01 1.939799331103679025e-01 1.813333333333333464e-01 1.825396825396825295e-01 1.372031662269129204e-01 1.198402130492676465e-01
2.177952345869846211e-314 2.142857142857142738e-01 1.627906976744186163e-01 1.555555555555555580e-01 2.526315789473684292e-01 2.115384615384615363e-01 2.702702702702702853e-01 2.542372881355932090e-01 2.137404580152671707e-01 2.206896551724137900e-01 2.802547770700636875e-01 2.619047619047619180e-01 2.666666666666666630e-01 2.831050228310502126e-01 2.433460076045627363e-01 2.214983713355048733e-01 2.077922077922078059e-01 2.011605415860734936e-01 1.568123393316195324e-01 1.400778210116731537e-01
2.177952345869846211e-314 2.325581395348837177e-01 1.818181818181818232e-01 2.150537634408602183e-01 2.857142857142856984e-01 2.429906542056074759e-01 2.807017543859648967e-01 2.809917355371900904e-01 2.666666666666666630e-01 2.684563758389261756e-01 3.229813664596273282e-01 2.906976744186046679e-01 2.899999999999999800e-01 2.946428571428571508e-01 2.666666666666666630e-01 2.412698412698412731e-01 2.227848101265822722e-01 2.109227871939736432e-01 1.854636591478696639e-01 1.618204804045512146e-01
2.177952345869846211e-314 2.500000000000000000e-01 2.000000000000000111e-01 2.105263157894736725e-01 2.999999999999999889e-01 2.363636363636363591e-01 3.076923076923077094e-01 3.064516129032258118e-01 2.898550724637681264e-01 3.026315789473684181e-01 3.393939393939394145e-01 3.276836158192090176e-01 3.121951219512195119e-01 3.043478260869565410e-01 2.815884476534296077e-01 2.662538699690402688e-01 2.320987654320987581e-01 2.352941176470588203e-01 2.004889975550122327e-01 1.800246609124537545e-01
2.177952345869846211e-314 2.444444444444444364e-01 2.173913043478260809e-01 2.474226804123711432e-01 3.495145631067961278e-01 2.500000000000000000e-01 3.333333333333333148e-01 3.149606299212598381e-01 3.120567375886524886e-01 3.205128205128205399e-01 3.668639053254437732e-01 3.425414364640884113e-01 3.333333333333333148e-01 3.220338983050847204e-01 3.109540636042402717e-01 2.839879154078550072e-01 2.554216867469879526e-01 2.549371633752244293e-01 2.124105011933174192e-01 1.913357400722021651e-01
2.177952345869846211e-314 2.391304347826087029e-01 2.553191489361701927e-01 2.800000000000000266e-01 3.619047619047618958e-01 2.956521739130434923e-01 3.577235772357723609e-01 3.384615384615384803e-01 3.448275862068965747e-01 3.250000000000000111e-01 3.930635838150289274e-01 3.655913978494623739e-01 3.534883720930232509e-01 3.568464730290456521e-01 3.241379310344827402e-01 3.008849557522124130e-01 2.776470588235294135e-01 2.767075306479859775e-01 2.261072261072261114e-01 2.032902467685076264e-01
2.177952345869846211e-314 2.553191489361701927e-01 2.886597938144329634e-01 2.941176470588235392e-01 3.888888888888888951e-01 3.389830508474576121e-01 3.650793650793650591e-01 3.609022556390977243e-01 3.513513513513513709e-01 3.435582822085889720e-01 4.180790960451977178e-01 3.578947368421052655e-01 3.727272727272727404e-01 3.805668016194331815e-01 3.501683501683501842e-01 3.170028818443804131e-01 2.942528735632183867e-01 2.842465753424657793e-01 2.460136674259681133e-01 2.078071182548794360e-01
2.780871309497768873e-314 2.708333333333333148e-01 3.030303030303030387e-01 3.269230769230769273e-01 4.181818181818181546e-01 3.499999999999999778e-01 3.750000000000000000e-01 3.823529411764705621e-01 3.708609271523178874e-01 3.832335329341317598e-01 4.088397790055248726e-01 3.794871794871794712e-01 3.733333333333333504e-01 4.031620553359683834e-01 3.564356435643564192e-01 3.380281690140845008e-01 3.146067415730336991e-01 3.048576214405360196e-01 2.561247216035634766e-01 2.210998877665544260e-01
2.177952345869846211e-314 3.232323232323232598e-01 3.168316831683168355e-01 3.551401869158878344e-01 4.601769911504424715e-01 3.577235772357723609e-01 3.816793893129771242e-01 4.028776978417266119e-01 3.870967741935483764e-01 4.117647058823529216e-01 4.216216216216216450e-01 4.120603015075376963e-01 3.826086956521739246e-01 4.186046511627907196e-01 3.548387096774193727e-01 3.526170798898071723e-01 3.120879120879120894e-01 3.109656301145662938e-01 2.592592592592592449e-01 2.261251372118550929e-01
2.177952345869846211e-314 3.168316831683168355e-01 3.495145631067961278e-01 3.669724770642202039e-01 4.695652173913043570e-01 3.679999999999999938e-01 4.029850746268656692e-01 4.225352112676056260e-01 4.050632911392405000e-01 4.022988505747126520e-01 4.444444444444444198e-01 4.334975369458128336e-01 3.914893617021276695e-01 4.242424242424242542e-01 3.734177215189873333e-01 3.557951482479784211e-01 3.268817204301075474e-01 3.173076923076922906e-01 2.665245202558635396e-01 2.406015037593984829e-01
