0.000000000000000000e+00 3.238095238095238249e-01 3.364485981308411033e-01 4.444444444444444198e-01 5.000000000000000000e-01 3.939393939393939226e-01 4.172661870503597270e-01 4.189189189189189144e-01 4.049079754601226933e-01 4.222222222222222210e-01 4.693877551020408379e-01 4.351851851851851749e-01 4.065040650406503975e-01 4.128113879003558750e-01 3.803680981595092270e-01 3.654822335025380564e-01 3.347107438016528880e-01 3.159509202453987808e-01 2.757201646090535196e-01 2.534491568727644251e-01
1.398043311974068733e-76 5.263157894736841813e-02 2.597402597402597574e-02 4.705882352941176405e-02 7.058823529411764608e-02 2.105263157894736795e-02 4.040404040404040747e-02 1.886792452830188607e-02 6.837606837606838295e-02 6.201550387596899139e-02 5.714285714285714107e-02 3.896103896103896014e-02 5.681818181818181629e-02 5.970149253731343170e-02 5.150214592274678094e-02 4.255319148936170109e-02 4.651162790697674354e-02 3.862660944206008917e-02 3.757225433526011765e-02 3.006442376521116511e-02
3.596523365031563728e+179 7.692307692307692735e-02 5.063291139240506250e-02 6.896551724137930939e-02 1.149425287356321823e-01 8.163265306122448328e-02 9.803921568627450844e-02 7.339449541284404077e-02 1.166666666666666685e-01 1.203007518796992414e-01 1.111111111111111049e-01 7.594936708860759722e-02 1.104972375690607689e-01 9.661835748792270417e-02 9.166666666666666019e-02 7.586206896551724033e-02 7.909604519774011966e-02 7.098121085594989721e-02 5.898876404494381859e-02 4.871259568545580759e-02
5.936264320618237926e-38 1.250000000000000000e-01 9.876543209876542662e-02 1.123595505617977497e-01 1.777777777777777846e-01 1.000000000000000056e-01 1.523809523809523947e-01 1.250000000000000000e-01 1.463414634146341375e-01 1.470588235294117696e-01 1.486486486486486569e-01 1.226993865030674841e-01 1.397849462365591267e-01 1.408450704225352179e-01 1.219512195121951192e-01 1.073825503355704675e-01 1.208791208791208799e-01 1.097560975609756101e-01 8.469945355191256520e-02 7.312119160460392453e-02
1.108986661627263050e-47 1.463414634146341375e-01 9.638554216867470381e-02 1.304347826086956486e-01 1.956521739130434867e-01 1.553398058252427050e-01 2.037037037037036924e-01 1.739130434782608647e-01 1.417322834645669272e-01 1.714285714285714302e-01 1.842105263157894635e-01 1.676646706586826241e-01 1.884816753926701616e-01 1.834862385321101019e-01 1.739130434782608647e-01 1.568627450980392135e-01 1.497326203208556028e-01 1.422924901185770863e-01 1.063829787234042562e-01 9.492419248516809072e-02
1.356537382700672974e-153 1.666666666666666574e-01 1.176470588235294101e-01 1.489361702127659504e-01 2.315789473684210509e-01 2.075471698113207641e-01 2.522522522522522292e-01 2.033898305084745894e-01 1.692307692307692402e-01 2.083333333333333426e-01 2.307692307692307820e-01 2.093023255813953598e-01 2.244897959183673464e-01 2.321428571428571508e-01 2.076923076923077038e-01 1.847133757961783307e-01 1.770833333333333426e-01 1.772639691714836263e-01 1.347150259067357581e-01 1.194605009633911419e-01
8.971932114317848303e-67 2.093023255813953598e-01 1.590909090909090884e-01 1.875000000000000000e-01 2.680412371134020533e-01 2.222222222222222099e-01 2.654867256637168382e-01 2.479338842975206680e-01 2.105263157894736725e-01 2.448979591836734637e-01 2.750000000000000222e-01 2.500000000000000000e-01 2.587064676616915304e-01 2.695652173913043459e-01 2.406015037593984829e-01 2.173913043478260809e-01 2.030456852791878153e-01 1.954887218045112673e-01 1.565656565656565746e-01 1.415153412648716413e-01
4.855591604460060258e-33 2.272727272727272652e-01 1.777777777777777846e-01 2.424242424242424310e-01 2.999999999999999889e-01 2.522522522522522292e-01 2.758620689655172376e-01 2.741935483870967527e-01 2.627737226277372384e-01 2.913907284768211814e-01 3.170731707317073211e-01 2.777777777777777901e-01 2.815533980582524132e-01 2.808510638297872508e-01 2.637362637362637430e-01 2.424242424242424310e-01 2.178217821782178210e-01 2.051282051282051211e-01 1.847290640394088634e-01 1.637141111789859604e-01
4.176332912121264713e-62 2.444444444444444364e-01 1.956521739130434867e-01 2.772277227722772519e-01 3.137254901960784270e-01 2.631578947368420907e-01 3.025210084033613245e-01 2.992125984251968740e-01 2.857142857142856984e-01 3.246753246753246724e-01 3.333333333333333148e-01 3.135135135135135309e-01 3.033175355450237198e-01 2.904564315352697323e-01 2.785714285714285809e-01 2.662721893491124536e-01 2.270531400966183666e-01 2.289803220035778186e-01 2.019230769230769273e-01 1.824686940966010751e-01
2.529052838348047909e-52 2.391304347826087029e-01 2.127659574468085124e-01 3.106796116504854099e-01 3.619047619047618958e-01 2.758620689655172376e-01 3.278688524590163689e-01 3.076923076923077094e-01 3.076923076923077094e-01 3.417721518987341667e-01 3.604651162790697416e-01 3.280423280423280241e-01 3.240740740740740700e-01 3.076923076923077094e-01 3.076923076923077094e-01 2.832369942196532042e-01 2.500000000000000000e-01 2.517482517482517723e-01 2.136150234741784060e-01 1.933605125218404164e-01
1.269312395873683708e-76 2.340425531914893664e-01 2.500000000000000000e-01 3.396226415094339424e-01 3.738317757009345654e-01 3.193277310924369505e-01 3.519999999999999796e-01 3.308270676691729140e-01 3.401360544217686965e-01 3.456790123456789932e-01 3.863636363636363535e-01 3.505154639175257492e-01 3.438914027149321262e-01 3.412698412698412787e-01 3.208191126279863470e-01 2.994350282485875869e-01 2.718894009216589747e-01 2.730375426621160506e-01 2.270642201834862373e-01 2.071713147410358669e-01
5.881744587566513737e-62 2.500000000000000000e-01 2.828282828282828176e-01 3.518518518518518601e-01 4.000000000000000222e-01 3.606557377049180446e-01 3.593750000000000000e-01 3.529411764705882582e-01 3.466666666666666785e-01 3.636363636363636465e-01 4.111111111111110938e-01 3.535353535353535359e-01 3.628318584070796549e-01 3.643410852713178105e-01 3.466666666666666785e-01 3.149171270718231774e-01 2.882882882882882858e-01 2.804674457429048307e-01 2.488789237668161403e-01 2.125765164162493059e-01
1.382948205105941302e-47 2.653061224489796088e-01 2.970297029702970160e-01 3.818181818181818343e-01 4.285714285714285476e-01 3.709677419354838745e-01 3.692307692307692513e-01 3.741007194244604372e-01 3.660130718954248130e-01 4.023668639053254448e-01 4.021739130434782705e-01 3.743842364532019573e-01 3.636363636363636465e-01 3.863636363636363535e-01 3.529411764705882582e-01 3.351351351351351537e-01 3.083700440528634457e-01 3.006535947712418166e-01 2.587719298245614308e-01 2.253674469243331646e-01
5.052197185404223741e-86 3.168316831683168355e-01 3.106796116504854099e-01 4.070796460176991372e-01 4.695652173913043570e-01 3.937007874015748254e-01 3.759398496240601295e-01 3.943661971830985657e-01 3.821656050955414274e-01 4.302325581395348708e-01 4.148936170212765839e-01 4.057971014492753881e-01 3.728813559322033955e-01 4.014869888475836590e-01 3.514376996805111952e-01 3.492063492063491870e-01 3.103448275862069061e-01 3.067092651757188371e-01 2.618025751072961538e-01 2.301545018646776741e-01
4.857875059724980634e-33 3.106796116504854099e-01 3.428571428571428603e-01 4.173913043478260643e-01 4.957264957264957417e-01 4.031007751937984440e-01 3.970588235294117418e-01 4.137931034482758563e-01 4.000000000000000222e-01 4.204545454545454697e-01 4.375000000000000000e-01 4.265402843601895921e-01 3.817427385892115943e-01 4.072727272727272863e-01 3.699059561128526519e-01 3.523316062176165553e-01 3.248945147679324630e-01 3.129890453834116015e-01 2.689075630252100724e-01 2.441314553990610314e-01
