0.000000000000000000e+00 4.052287581699346442e-01 4.025157232704402732e-01 4.000000000000000222e-01 4.245810055865921750e-01 4.123711340206185350e-01 4.134615384615384359e-01 3.963963963963963999e-01 3.916666666666666630e-01 3.712121212121212155e-01 3.424657534246575152e-01 3.703703703703703498e-01 3.324099722991689654e-01 3.309352517985611475e-01 3.284823284823285006e-01 3.092783505154639290e-01 2.975206611570248016e-01 2.771458117890382433e-01 2.689655172413792927e-01 2.545579635362917315e-01
2.780073784779726766e-314 4.838709677419354704e-02 4.651162790697674354e-02 4.347826086956521618e-02 4.166666666666666435e-02 3.821656050955413858e-02 3.571428571428571230e-02 4.444444444444444614e-02 4.123711340206185488e-02 3.755868544600939052e-02 3.389830508474576259e-02 3.816793893129771104e-02 3.436426116838488254e-02 3.560830860534124759e-02 3.608247422680412042e-02 3.404255319148936226e-02 3.412969283276450633e-02 3.329065300896286855e-02 3.076923076923077094e-02 2.471239880698764338e-02
2.780073784779726766e-314 7.936507936507936067e-02 7.633587786259542207e-02 7.142857142857142461e-02 6.849315068493150305e-02 7.499999999999999722e-02 7.017543859649122417e-02 7.650273224043716014e-02 7.106598984771574090e-02 7.373271889400921653e-02 6.666666666666666574e-02 6.766917293233082331e-02 6.756756756756757132e-02 6.997084548104956503e-02 6.582278481012658611e-02 5.857740585774058595e-02 5.704697986577181301e-02 5.541561712846347632e-02 4.705882352941176405e-02 4.105571847507331201e-02
2.780074622715062113e-314 1.093750000000000000e-01 1.052631578947368363e-01 9.859154929577464144e-02 1.073825503355704675e-01 9.876543209876542662e-02 1.034482758620689641e-01 1.075268817204301092e-01 1.000000000000000056e-01 1.000000000000000056e-01 9.836065573770491621e-02 1.033210332103321055e-01 9.302325581395348708e-02 1.031518624641833831e-01 8.478802992518703896e-02 7.818930041152263866e-02 8.910891089108910479e-02 8.426270136307310865e-02 6.611570247933884481e-02 6.427688504326328767e-02
2.780074622715062113e-314 1.384615384615384692e-01 1.333333333333333315e-01 1.379310344827586188e-01 1.324503311258278249e-01 1.333333333333333315e-01 1.355932203389830504e-01 1.375661375661375585e-01 1.372549019607843257e-01 1.339285714285714246e-01 1.290322580645161255e-01 1.309090909090909194e-01 1.241830065359477153e-01 1.299435028248587531e-01 1.176470588235294101e-01 1.093117408906882637e-01 1.103896103896103847e-01 1.047503045066991434e-01 8.455284552845528101e-02 8.188082691528171531e-02
2.780074622715062113e-314 1.666666666666666574e-01 1.605839416058394142e-01 1.632653061224489666e-01 1.688311688311688319e-01 1.666666666666666574e-01 1.666666666666666574e-01 1.666666666666666574e-01 1.642512077294686068e-01 1.666666666666666574e-01 1.587301587301587213e-01 1.642857142857142849e-01 1.543408360128617485e-01 1.611111111111111216e-01 1.397590361445783247e-01 1.314741035856573648e-01 1.341853035143769912e-01 1.294964028776978415e-01 1.055999999999999994e-01 1.029118468288791333e-01
2.780074622715062113e-314 1.940298507462686617e-01 2.000000000000000111e-01 1.879194630872483285e-01 1.923076923076923184e-01 1.882352941176470562e-01 1.868131868131868156e-01 1.948717948717948734e-01 1.904761904761904656e-01 1.904761904761904656e-01 1.875000000000000000e-01 1.901408450704225317e-01 1.772151898734177222e-01 1.857923497267759683e-01 1.615201900237529797e-01 1.607843137254902077e-01 1.540880503144654023e-01 1.511216056670602048e-01 1.322834645669291320e-01 1.217118178248920296e-01
2.780074622715062113e-314 2.205882352941176405e-01 2.253521126760563431e-01 2.236842105263157909e-01 2.264150943396226467e-01 2.196531791907514464e-01 2.162162162162162282e-01 2.222222222222222099e-01 2.242990654205607448e-01 2.212765957446808374e-01 2.153846153846153966e-01 2.083333333333333426e-01 1.993769470404984367e-01 1.940700808625336893e-01 1.822429906542056000e-01 1.853281853281853186e-01 1.733746130030959787e-01 1.672473867595818953e-01 1.534883720930232676e-01 1.430228063393892413e-01
2.780074622715062113e-314 2.463768115942029102e-01 2.500000000000000000e-01 2.467532467532467522e-01 2.484472049689440964e-01 2.500000000000000000e-01 2.446808510638297796e-01 2.487562189054726425e-01 2.488479262672811110e-01 2.436974789915966333e-01 2.272727272727272652e-01 2.320819112627986458e-01 2.147239263803681075e-01 2.068965517241379282e-01 2.068965517241379282e-01 2.053231939163498165e-01 1.859756097560975596e-01 1.853546910755148880e-01 1.709923664122137421e-01 1.606395127521887956e-01
2.780074622715062113e-314 2.714285714285714080e-01 2.739726027397260122e-01 2.692307692307692180e-01 2.804878048780488076e-01 2.696629213483145993e-01 2.722513089005235698e-01 2.745098039215686514e-01 2.727272727272727071e-01 2.644628099173553792e-01 2.462686567164178997e-01 2.491582491582491621e-01 2.356495468277945704e-01 2.193211488250652874e-01 2.267573696145124829e-01 2.247191011235954994e-01 2.072072072072072002e-01 2.051860202931228838e-01 1.849624060150376059e-01 1.717285339332583483e-01
2.780074622715062113e-314 2.957746478873239382e-01 2.972972972972973138e-01 3.018867924528301772e-01 3.012048192771084598e-01 2.983425414364641037e-01 2.989690721649484462e-01 2.995169082125603843e-01 2.946428571428571508e-01 2.845528455284552782e-01 2.647058823529411797e-01 2.781456953642383878e-01 2.559523809523809312e-01 2.422680412371134018e-01 2.455357142857142738e-01 2.398523985239852385e-01 2.218934911242603503e-01 2.219755826859045600e-01 2.000000000000000111e-01 1.891392685629848525e-01
2.780998944440452917e-314 3.194444444444444198e-01 3.311258278145695622e-01 3.229813664596273282e-01 3.313609467455621571e-01 3.260869565217391353e-01 3.248730964467004823e-01 3.142857142857142794e-01 3.083700440528634457e-01 2.971887550200802974e-01 2.898550724637681264e-01 2.875816993464052063e-01 2.697947214076246158e-01 2.588832487309644659e-01 2.725274725274725030e-01 2.581818181818181790e-01 2.419825072886297446e-01 2.341356673960612589e-01 2.189781021897810320e-01 2.002184200946487136e-01
1.694437315617669873e-02 3.424657534246575152e-01 3.529411764705882582e-01 3.435582822085889720e-01 3.508771929824561209e-01 3.440860215053763715e-01 3.417085427135678199e-01 3.286384976525821844e-01 3.304347826086956319e-01 3.241106719367589095e-01 2.857142857142856984e-01 3.086816720257234969e-01 2.832369942196532042e-01 2.800000000000000266e-01 2.863340563991323418e-01 2.724014336917562895e-01 2.614942528735632044e-01 2.481121898597626885e-01 2.316546762589928032e-01 2.160028704700394653e-01
2.781028857150914729e-314 3.758389261744966570e-01 3.612903225806451402e-01 3.734939759036144391e-01 3.793103448275861878e-01 3.703703703703703498e-01 3.663366336633663289e-01 3.518518518518518601e-01 3.589743589743589758e-01 3.437500000000000000e-01 3.028169014084506894e-01 3.301587301587301515e-01 2.962962962962962798e-01 3.012345679012345956e-01 2.948717948717948789e-01 2.862190812720847855e-01 2.662889518413597556e-01 2.529224229543039493e-01 2.439716312056737502e-01 2.270958613371064638e-01
2.781029948047860747e-314 3.973509933774834191e-01 3.821656050955414274e-01 3.809523809523809312e-01 3.977272727272727071e-01 3.874345549738220096e-01 3.902439024390244038e-01 3.744292237442922167e-01 3.797468354430380000e-01 3.538461538461538658e-01 3.194444444444444198e-01 3.510971786833855801e-01 3.089887640449437978e-01 3.211678832116788285e-01 3.122362869198312407e-01 2.961672473867595912e-01 2.849162011173184128e-01 2.662473794549266026e-01 2.573426573426573216e-01 2.406696895709801165e-01
