2.100840336134453690e-03 4.333333333333333481e-01 4.126984126984126755e-01 4.782608695652174058e-01 5.066666666666667096e-01 4.743589743589743390e-01 4.642857142857143016e-01 4.692737430167597812e-01 4.607329842931937036e-01 4.360189573459715695e-01 4.224137931034482873e-01 4.186046511627907196e-01 3.673469387755102233e-01 3.750000000000000000e-01 3.505154639175257492e-01 3.390557939914163321e-01 3.137931034482758785e-01 2.937420178799489134e-01 2.695278969957081716e-01 2.587532023911187085e-01
2.100840336134453690e-03 6.593406593406593574e-02 6.250000000000000000e-02 5.660377358490566169e-02 5.217391304347825803e-02 5.042016806722689204e-02 4.687500000000000000e-02 5.839416058394160391e-02 5.517241379310344751e-02 5.000000000000000278e-02 4.545454545454545581e-02 5.102040816326530726e-02 4.464285714285714385e-02 4.687500000000000000e-02 4.745762711864406902e-02 3.954802259887005983e-02 4.090909090909090884e-02 4.020100502512562873e-02 3.615819209039548149e-02 2.805836139169472568e-02
2.100840336134453690e-03 8.602150537634409289e-02 8.163265306122448328e-02 9.259259259259258745e-02 8.547008547008547175e-02 9.836065573770491621e-02 9.160305343511450371e-02 1.000000000000000056e-01 9.459459459459459985e-02 9.756097560975610095e-02 8.888888888888889228e-02 8.000000000000000167e-02 8.733624454148471161e-02 7.633587786259542207e-02 7.947019867549669214e-02 7.182320441988949977e-02 7.111111111111111105e-02 6.885245901639344690e-02 5.524861878453038444e-02 4.500548847420417220e-02
2.100840336134453690e-03 1.263157894736842146e-01 1.199999999999999956e-01 1.272727272727272596e-01 1.333333333333333315e-01 1.290322580645161255e-01 1.343283582089552231e-01 1.398601398601398704e-01 1.324503311258278249e-01 1.317365269461077959e-01 1.304347826086956486e-01 1.170731707317073239e-01 1.111111111111111049e-01 1.194029850746268634e-01 1.038961038961039030e-01 9.729729729729730270e-02 1.130434782608695649e-01 1.027287319422150874e-01 7.567567567567567988e-02 6.874328678839956852e-02
2.100840336134453690e-03 1.649484536082474195e-01 1.372549019607843257e-01 1.769911504424778736e-01 1.639344262295081844e-01 1.732283464566929110e-01 1.751824817518248256e-01 1.780821917808219079e-01 1.677419354838709797e-01 1.754385964912280604e-01 1.702127659574468044e-01 1.531100478468899462e-01 1.506276150627615107e-01 1.538461538461538547e-01 1.460317460317460403e-01 1.375661375661375585e-01 1.404255319148936254e-01 1.287284144427001675e-01 9.523809523809523281e-02 8.622502628811777592e-02
2.100840336134453690e-03 1.818181818181818232e-01 1.538461538461538547e-01 2.086956521739130321e-01 2.079999999999999905e-01 2.153846153846153966e-01 2.142857142857142738e-01 2.147651006711409349e-01 1.898734177215190000e-01 2.057142857142857106e-01 2.083333333333333426e-01 1.869158878504672827e-01 1.803278688524590223e-01 1.935483870967741882e-01 1.739130434782608647e-01 1.658031088082901616e-01 1.708333333333333370e-01 1.600000000000000033e-01 1.181347150259067363e-01 1.091658084449021598e-01
2.100840336134453690e-03 2.178217821782178210e-01 2.056074766355140138e-01 2.393162393162393264e-01 2.362204724409448786e-01 2.424242424242424310e-01 2.253521126760563431e-01 2.500000000000000000e-01 2.236024844720496951e-01 2.359550561797752743e-01 2.448979591836734637e-01 2.201834862385321223e-01 2.088353413654618351e-01 2.245614035087719340e-01 2.012195121951219634e-01 1.979695431472081324e-01 1.918367346938775475e-01 1.779788838612368085e-01 1.461928934010152392e-01 1.301715438950555026e-01
2.100840336134453690e-03 2.524271844660194164e-01 2.385321100917431325e-01 2.833333333333333259e-01 2.769230769230769384e-01 2.814814814814814992e-01 2.482758620689655138e-01 2.838709677419354871e-01 2.666666666666666630e-01 2.747252747252747485e-01 2.800000000000000266e-01 2.432432432432432567e-01 2.283464566929133965e-01 2.344827586206896519e-01 2.208955223880597063e-01 2.238805970149253810e-01 2.039999999999999869e-01 1.920236336779911346e-01 1.691542288557214002e-01 1.523244312561820024e-01
2.100840336134453690e-03 2.666666666666666630e-01 2.702702702702702853e-01 3.114754098360655865e-01 3.030303030303030387e-01 3.188405797101449002e-01 2.837837837837837718e-01 3.037974683544303889e-01 2.976190476190476164e-01 3.027027027027027195e-01 2.941176470588235392e-01 2.731277533039647709e-01 2.471042471042471100e-01 2.432432432432432567e-01 2.397660818713450159e-01 2.487804878048780477e-01 2.156862745098039325e-01 2.115942028985507151e-01 1.853658536585365835e-01 1.687681862269641009e-01
2.100840336134453690e-03 2.803738317757009102e-01 3.008849557522124130e-01 3.387096774193548154e-01 3.407407407407407329e-01 3.285714285714285698e-01 3.046357615894039750e-01 3.354037267080745566e-01 3.274853801169590461e-01 3.280423280423280241e-01 3.173076923076922906e-01 2.857142857142856984e-01 2.727272727272727071e-01 2.582781456953642252e-01 2.643678160919540332e-01 2.679425837320574266e-01 2.384615384615384748e-01 2.304409672830725342e-01 1.990430622009569384e-01 1.788772597526165631e-01
2.100840336134453690e-03 3.119266055045871733e-01 3.304347826086956319e-01 3.779527559055118058e-01 3.649635036496350349e-01 3.636363636363636465e-01 3.246753246753246724e-01 3.658536585365853577e-01 3.542857142857142594e-01 3.419689119170984393e-01 3.396226415094339424e-01 3.220338983050847204e-01 2.899628252788103988e-01 2.866449511400651629e-01 2.816901408450704358e-01 2.816901408450704358e-01 2.566037735849056589e-01 2.482566248256624919e-01 2.103286384976525702e-01 1.970121381886087708e-01
2.100840336134453690e-03 3.423423423423423428e-01 3.728813559322033955e-01 4.031007751937984440e-01 4.000000000000000222e-01 3.972602739726027177e-01 3.566878980891719508e-01 3.832335329341317598e-01 3.707865168539326017e-01 3.571428571428571508e-01 3.611111111111111049e-01 3.333333333333333148e-01 3.065693430656934448e-01 3.067092651757188371e-01 3.149171270718231774e-01 2.949308755760368661e-01 2.740740740740740811e-01 2.575342465753424626e-01 2.322580645161290425e-01 2.062328139321723264e-01
2.100840336134453690e-03 3.716814159292035624e-01 3.833333333333333592e-01 4.274809160305343414e-01 4.225352112676056260e-01 4.189189189189189144e-01 3.773584905660377631e-01 4.000000000000000222e-01 3.867403314917127188e-01 3.900000000000000133e-01 3.545454545454545525e-01 3.591836734693877320e-01 3.154121863799282943e-01 3.322884012539185083e-01 3.260869565217391353e-01 3.122171945701357476e-01 2.909090909090908950e-01 2.745625841184387572e-01 2.407239819004524939e-01 2.205220522052205312e-01
2.100840336134453690e-03 4.137931034482758563e-01 3.934426229508196649e-01 4.477611940298507620e-01 4.551724137931034697e-01 4.503311258278145934e-01 4.074074074074073848e-01 4.277456647398844014e-01 4.216216216216216450e-01 4.137931034482758563e-01 3.750000000000000000e-01 3.855421686746988152e-01 3.309859154929577496e-01 3.518518518518518601e-01 3.253333333333333077e-01 3.244444444444444242e-01 2.928571428571428714e-01 2.800528401585204996e-01 2.524444444444444713e-01 2.307692307692307820e-01
2.100840336134453690e-03 4.237288135593220151e-01 4.193548387096774355e-01 4.558823529411764608e-01 4.761904761904761640e-01 4.575163398692810302e-01 4.363636363636363424e-01 4.431818181818181768e-01 4.468085106382978511e-01 4.251207729468599039e-01 3.947368421052631637e-01 4.031620553359683834e-01 3.460207612456747128e-01 3.636363636363636465e-01 3.412073490813648524e-01 3.275109170305676720e-01 3.052631578947368474e-01 2.883116883116882967e-01 2.602620087336244281e-01 2.467419635099913078e-01
