6.324040266767955765e-322 4.155844155844156118e-01 3.902439024390244038e-01 3.930635838150289274e-01 4.108108108108108336e-01 4.102564102564102422e-01 4.095238095238095122e-01 3.893805309734513220e-01 3.805668016194331815e-01 3.670411985018726675e-01 3.469387755102040782e-01 3.636363636363636465e-01 3.315217391304347561e-01 3.285714285714285698e-01 3.238866396761133637e-01 3.111111111111111160e-01 2.938775510204081898e-01 2.749490835030549696e-01 2.661235573659199161e-01 2.579986385296119678e-01
4.594810506323592861e-322 4.800000000000000100e-02 4.477611940298507204e-02 4.255319148936170109e-02 4.000000000000000083e-02 3.797468354430379861e-02 3.529411764705882304e-02 4.347826086956521618e-02 3.980099502487562113e-02 3.703703703703703498e-02 3.361344537815125905e-02 3.731343283582089221e-02 3.355704697986577195e-02 3.529411764705882304e-02 3.491271820448877544e-02 3.382663847780126992e-02 3.361344537815125905e-02 3.266331658291457551e-02 3.017602682313495419e-02 2.439024390243902524e-02
5.632348362590210604e-322 7.874015748031495954e-02 7.352941176470588480e-02 6.993006993006993521e-02 6.578947368421052266e-02 7.453416149068323171e-02 6.936416184971097576e-02 7.486631016042780140e-02 6.862745098039216285e-02 7.272727272727272374e-02 6.611570247933884481e-02 6.617647058823529493e-02 6.600660066006600046e-02 6.936416184971097576e-02 6.372549019607842702e-02 5.821205821205821529e-02 5.619834710743801948e-02 5.438813349814585613e-02 4.616652926628194570e-02 4.135649296939619690e-02
1.828042889612612213e-322 1.085271317829457349e-01 1.014492753623188470e-01 9.655172413793103314e-02 1.032258064516129031e-01 9.815950920245399003e-02 1.022727272727272790e-01 1.052631578947368363e-01 9.661835748792270417e-02 9.865470852017936554e-02 9.756097560975610095e-02 1.010830324909747224e-01 9.740259740259740728e-02 1.022727272727272790e-01 8.695652173913043237e-02 7.770961145194274500e-02 8.780487804878048252e-02 8.272506082725060439e-02 6.488240064882400127e-02 6.427990235964198273e-02
1.086944420850742397e-322 1.374045801526717625e-01 1.285714285714285587e-01 1.351351351351351426e-01 1.273885350318471332e-01 1.325301204819277212e-01 1.340782122905027907e-01 1.347150259067357581e-01 1.327014218009478774e-01 1.321585903083700442e-01 1.280000000000000027e-01 1.281138790035587227e-01 1.277955271565495154e-01 1.288515406162464849e-01 1.187648456057007057e-01 1.086519114688128812e-01 1.087999999999999939e-01 1.028708133971291822e-01 8.300079808459696895e-02 8.166533226581265681e-02
4.940656458412465442e-323 1.654135338345864570e-01 1.549295774647887203e-01 1.600000000000000033e-01 1.625000000000000056e-01 1.656804733727810786e-01 1.648351648351648324e-01 1.632653061224489666e-01 1.588785046728971861e-01 1.645021645021645107e-01 1.574803149606299191e-01 1.608391608391608329e-01 1.572327044025157161e-01 1.597796143250688750e-01 1.401869158878504551e-01 1.306930693069306981e-01 1.322834645669291320e-01 1.272084805653710127e-01 1.036920659858601712e-01 1.032308904649330145e-01
1.205520175852641568e-321 1.925925925925925930e-01 1.931034482758620663e-01 1.842105263157894635e-01 1.851851851851851749e-01 1.871345029239765978e-01 1.847826086956521618e-01 1.909547738693467278e-01 1.843317972350230483e-01 1.880341880341880323e-01 1.860465116279069742e-01 1.862068965517241492e-01 1.795665634674922517e-01 1.842818428184281876e-01 1.612903225806451568e-01 1.598440545808966773e-01 1.519379844961240289e-01 1.484918793503480217e-01 1.299303944315545190e-01 1.233514352211016324e-01
3.853712037561723045e-322 2.189781021897810320e-01 2.176870748299319647e-01 2.193548387096774244e-01 2.181818181818181712e-01 2.183908045977011603e-01 2.139037433155080159e-01 2.178217821782178210e-01 2.171945701357466119e-01 2.184873949579831942e-01 2.137404580152671707e-01 2.040816326530612290e-01 2.012195121951219634e-01 1.925133689839572115e-01 1.814058956916099752e-01 1.842610364683301416e-01 1.709923664122137421e-01 1.643835616438356073e-01 1.507996953541508034e-01 1.451489686783804522e-01
2.914987310463354611e-322 2.446043165467625957e-01 2.416107382550335692e-01 2.420382165605095559e-01 2.395209580838323360e-01 2.485875706214689396e-01 2.421052631578947401e-01 2.439024390243902385e-01 2.410714285714285754e-01 2.406639004149377647e-01 2.255639097744360777e-01 2.274247491638795859e-01 2.162162162162162282e-01 2.052631578947368418e-01 2.053571428571428492e-01 2.041587901701323315e-01 1.834586466165413488e-01 1.822272215973003429e-01 1.680420105026256550e-01 1.625282167042889359e-01
3.458459520888725809e-322 2.695035460992907805e-01 2.649006622516556497e-01 2.641509433962264120e-01 2.705882352941176294e-01 2.681564245810055813e-01 2.694300518134715161e-01 2.692307692307692180e-01 2.643171806167400884e-01 2.612244897959183909e-01 2.444444444444444364e-01 2.442244224422442378e-01 2.366863905325443662e-01 2.176165803108808250e-01 2.246696035242290723e-01 2.234636871508379752e-01 2.044444444444444564e-01 2.017738359201773912e-01 1.818181818181818232e-01 1.742031134173461782e-01
1.501959563357389494e-321 2.937062937062936974e-01 2.875816993464052063e-01 2.962962962962962798e-01 2.906976744186046679e-01 2.967032967032967039e-01 2.959183673469387710e-01 2.938388625592416870e-01 2.857142857142856984e-01 2.811244979919678699e-01 2.700729927007299302e-01 2.727272727272727071e-01 2.565597667638483959e-01 2.404092071611253212e-01 2.429501084598698346e-01 2.385321100917431325e-01 2.189781021897810320e-01 2.183406113537117998e-01 1.981063364894391776e-01 1.913805697589481269e-01
1.506900219815801960e-321 3.172413793103448509e-01 3.205128205128205399e-01 3.170731707317073211e-01 3.200000000000000067e-01 3.243243243243243423e-01 3.216080402010050299e-01 3.084112149532710068e-01 2.991452991452991372e-01 2.936507936507936622e-01 2.949640287769784153e-01 2.820512820512820484e-01 2.701149425287356354e-01 2.569269521410579293e-01 2.692307692307692180e-01 2.567811934900542381e-01 2.388489208633093608e-01 2.303552206673842861e-01 2.167982770997846365e-01 2.023038156947444266e-01
7.065138735529825582e-322 3.401360544217686965e-01 3.417721518987341667e-01 3.373493975903614217e-01 3.389830508474576121e-01 3.422459893048128143e-01 3.383084577114428004e-01 3.225806451612903136e-01 3.206751054852320926e-01 3.203125000000000000e-01 2.907801418439716068e-01 3.028391167192429068e-01 2.832861189801699764e-01 2.779156327543424454e-01 2.827004219409282593e-01 2.709447415329768183e-01 2.581560283687943103e-01 2.441613588110403410e-01 2.292993630573248454e-01 2.185947480482611782e-01
1.457493655231677305e-321 3.733333333333333504e-01 3.499999999999999778e-01 3.668639053254437732e-01 3.666666666666666408e-01 3.684210526315789269e-01 3.627450980392156743e-01 3.454545454545454586e-01 3.485477178423236344e-01 3.397683397683397555e-01 3.076923076923077094e-01 3.239875389408099493e-01 2.960893854748603560e-01 2.990196078431372473e-01 2.910602910602910764e-01 2.882249560632688667e-01 2.629370629370629264e-01 2.489539748953975007e-01 2.414515003489183520e-01 2.295311406578026681e-01
8.991994754310687104e-322 3.947368421052631637e-01 3.703703703703703498e-01 3.742690058479531956e-01 3.846153846153846367e-01 3.854166666666666852e-01 3.864734299516908167e-01 3.677130044843049395e-01 3.688524590163934636e-01 3.498098859315589282e-01 3.241379310344827402e-01 3.446153846153846012e-01 3.085399449035812758e-01 3.188405797101449002e-01 3.080082135523614095e-01 2.980935875216637609e-01 2.813793103448276045e-01 2.641898864809081315e-01 2.546455609084652405e-01 2.443064182194616962e-01
