0.000000000000000000e+00 2.307692307692307820e-01 1.621621621621621712e-01 2.142857142857142738e-01 3.655913978494623739e-01 2.340425531914893664e-01 2.399999999999999911e-01 2.222222222222222099e-01 2.280701754385964786e-01 2.362204724409448786e-01 3.546099290780141966e-01 2.967741935483870774e-01 4.022346368715083997e-01 3.349753694581280583e-01 3.189655172413793371e-01 4.250871080139372871e-01 3.610315186246418340e-01 3.171247357293868752e-01 2.592592592592592449e-01 2.231578947368421106e-01
2.177952345869846211e-314 8.163265306122448328e-02 0.000000000000000000e+00 3.846153846153846367e-02 3.448275862068965469e-02 0.000000000000000000e+00 3.333333333333333287e-02 0.000000000000000000e+00 0.000000000000000000e+00 5.263157894736841813e-02 9.411764705882352811e-02 4.301075268817204644e-02 7.339449541284404077e-02 4.878048780487805047e-02 4.316546762589928282e-02 6.857142857142857484e-02 7.655502392344497309e-02 5.574912891986062713e-02 5.687203791469194053e-02 3.468208092485548788e-02
2.177952345869846211e-314 7.843137254901960675e-02 4.347826086956521618e-02 3.703703703703703498e-02 6.666666666666666574e-02 3.333333333333333287e-02 3.174603174603174427e-02 0.000000000000000000e+00 0.000000000000000000e+00 7.499999999999999722e-02 1.573033707865168496e-01 8.247422680412370977e-02 1.228070175438596423e-01 6.201550387596899139e-02 9.589041095890410427e-02 1.202185792349726723e-01 1.187214611872146053e-01 1.000000000000000056e-01 8.597285067873303155e-02 5.966850828729281658e-02
2.177952345869846211e-314 7.547169811320754429e-02 4.166666666666666435e-02 3.571428571428571230e-02 1.269841269841269771e-01 3.225806451612903136e-02 6.060606060606060774e-02 2.777777777777777624e-02 0.000000000000000000e+00 7.228915662650602092e-02 1.720430107526881858e-01 1.176470588235294101e-01 1.512605042016806622e-01 1.185185185185185230e-01 1.315789473684210453e-01 1.675392670157068165e-01 1.572052401746724948e-01 1.533546325878594185e-01 1.038961038961039030e-01 8.042328042328042437e-02
2.177952345869846211e-314 7.272727272727272374e-02 4.000000000000000083e-02 3.389830508474576259e-02 1.230769230769230838e-01 9.230769230769231282e-02 1.159420289855072478e-01 8.000000000000000167e-02 0.000000000000000000e+00 6.896551724137930939e-02 2.061855670103092675e-01 1.698113207547169712e-01 1.935483870967741882e-01 1.571428571428571397e-01 1.886792452830188815e-01 2.311557788944723635e-01 2.008368200836820050e-01 1.896024464831804202e-01 1.244813278008298774e-01 1.035532994923857864e-01
2.177952345869846211e-314 1.052631578947368363e-01 7.692307692307692735e-02 3.278688524590164105e-02 1.470588235294117696e-01 1.176470588235294101e-01 1.111111111111111049e-01 1.025641025641025605e-01 2.469135802469135665e-02 1.098901098901098883e-01 2.376237623762376128e-01 1.981981981981981999e-01 2.480620155038759655e-01 1.917808219178082085e-01 2.409638554216867457e-01 2.608695652173912971e-01 2.329317269076305319e-01 2.352941176470588203e-01 1.474103585657370596e-01 1.268292682926829285e-01
2.177952345869846211e-314 1.694915254237288060e-01 7.272727272727272374e-02 3.174603174603174427e-02 1.714285714285714302e-01 1.428571428571428492e-01 1.351351351351351426e-01 9.876543209876542662e-02 7.142857142857142461e-02 1.063829787234042562e-01 2.666666666666666630e-01 2.086956521739130321e-01 2.835820895522387919e-01 2.500000000000000000e-01 2.558139534883721034e-01 2.976744186046511587e-01 2.625482625482625232e-01 2.436260623229461741e-01 1.609195402298850552e-01 1.464788732394366189e-01
2.177952345869846211e-314 1.967213114754098324e-01 7.017543859649122417e-02 9.090909090909091161e-02 1.917808219178082085e-01 1.643835616438356073e-01 1.298701298701298579e-01 9.523809523809523281e-02 1.136363636363636326e-01 1.836734693877551117e-01 2.935779816513761631e-01 2.016806722689075682e-01 2.877697841726618577e-01 2.675159235668789770e-01 2.681564245810055813e-01 3.228699551569506609e-01 2.825278810408922148e-01 2.506811989100817262e-01 1.845018450184501835e-01 1.647058823529411742e-01
2.177952345869846211e-314 1.904761904761904656e-01 1.016949152542372947e-01 8.823529411764706454e-02 2.133333333333333470e-01 1.578947368421052544e-01 1.499999999999999944e-01 1.379310344827586188e-01 1.318681318681318715e-01 1.980198019801980291e-01 2.831858407079645978e-01 2.258064516129032195e-01 3.194444444444444198e-01 2.822085889570551953e-01 2.795698924731182533e-01 3.463203463203463062e-01 2.939068100358422919e-01 2.578947368421052877e-01 1.992882562277580039e-01 1.729257641921397304e-01
2.177952345869846211e-314 1.846153846153846256e-01 9.836065573770491621e-02 8.571428571428571508e-02 2.564102564102563875e-01 1.794871794871794879e-01 1.686746987951807109e-01 1.555555555555555580e-01 1.489361702127659504e-01 2.095238095238095288e-01 2.735042735042735318e-01 2.343750000000000000e-01 3.221476510067113885e-01 2.840236686390532617e-01 2.916666666666666852e-01 3.682008368200836990e-01 3.114186851211072637e-01 2.748091603053435250e-01 2.027491408934707917e-01 1.789029535864978815e-01
2.177952345869846211e-314 1.791044776119402882e-01 9.523809523809523281e-02 1.095890410958904049e-01 2.750000000000000222e-01 1.975308641975308532e-01 2.093023255813953598e-01 1.720430107526881858e-01 1.632653061224489666e-01 2.018348623853211121e-01 2.809917355371900904e-01 2.406015037593984829e-01 3.376623376623376638e-01 2.988505747126437018e-01 2.914572864321607892e-01 3.886639676113360364e-01 3.344481605351170561e-01 2.997542997542997356e-01 2.192691029900332156e-01 1.893877551020408112e-01
1.724289103985950439e-321 1.739130434782608647e-01 9.090909090909091161e-02 1.066666666666666735e-01 2.891566265060240837e-01 2.142857142857142738e-01 2.022471910112359494e-01 2.083333333333333426e-01 1.782178217821782096e-01 2.142857142857142738e-01 3.039999999999999925e-01 2.335766423357664157e-01 3.396226415094339424e-01 2.999999999999999889e-01 3.009708737864077444e-01 4.000000000000000222e-01 3.430420711974109804e-01 2.952380952380952439e-01 2.347266881028939045e-01 1.928853754940711429e-01
1.408087090647552651e-321 1.971830985915492829e-01 1.176470588235294101e-01 1.558441558441558406e-01 2.823529411764705843e-01 2.325581395348837177e-01 1.978021978021977934e-01 2.020202020202020166e-01 1.923076923076923184e-01 2.241379310344827624e-01 2.945736434108527368e-01 2.535211267605633756e-01 3.414634146341463672e-01 3.010752688172043112e-01 3.018867924528301772e-01 4.030418250950570380e-01 3.510971786833855801e-01 3.233256351039260901e-01 2.429906542056074759e-01 2.007662835249042210e-01
2.172112920761245850e-314 2.162162162162162282e-01 1.428571428571428492e-01 1.749999999999999889e-01 3.409090909090908839e-01 2.247191011235954994e-01 1.914893617021276584e-01 2.156862745098039325e-01 2.037037037037036924e-01 2.521008403361344463e-01 3.157894736842105088e-01 2.876712328767123128e-01 3.550295857988165493e-01 3.141361256544502600e-01 2.922374429223744130e-01 4.132841328413284221e-01 3.404255319148936088e-01 3.221476510067113885e-01 2.447129909365558798e-01 2.007434944237918295e-01
2.172112920761245850e-314 2.105263157894736725e-01 1.666666666666666574e-01 1.707317073170731836e-01 3.555555555555555691e-01 2.417582417582417598e-01 2.061855670103092675e-01 2.285714285714285643e-01 2.162162162162162282e-01 2.439024390243902385e-01 3.211678832116788285e-01 2.800000000000000266e-01 3.678160919540229834e-01 3.248730964467004823e-01 3.111111111111111160e-01 4.157706093189963981e-01 3.539823008849557473e-01 3.217391304347825831e-01 2.521994134897360684e-01 2.137184115523465822e-01
