0.000000000000000000e+00 4.186046511627907196e-01 4.328358208955223607e-01 4.583333333333333148e-01 4.903225806451612656e-01 4.691358024691357764e-01 4.545454545454545303e-01 4.598930481283422522e-01 4.378109452736318463e-01 4.088888888888889128e-01 4.000000000000000222e-01 4.132841328413284221e-01 3.583061889250814258e-01 3.599999999999999867e-01 3.582089552238805763e-01 3.312883435582821834e-01 3.064250411861614287e-01 2.896039603960395836e-01 2.679900744416873204e-01 2.568958419102511104e-01
2.780071302593922059e-314 5.999999999999999778e-02 5.769230769230769551e-02 5.357142857142856845e-02 5.000000000000000278e-02 4.800000000000000100e-02 4.411764705882353227e-02 5.517241379310344751e-02 5.161290322580645157e-02 4.597701149425287293e-02 4.232804232804232569e-02 4.784688995215310992e-02 4.219409282700421759e-02 4.444444444444444614e-02 4.530744336569579589e-02 3.713527851458885837e-02 3.854389721627408949e-02 3.858520900321543712e-02 3.444564047362755344e-02 2.675227394328517916e-02
2.780075966573618801e-314 7.843137254901960675e-02 7.547169811320754429e-02 8.771929824561403022e-02 8.196721311475409222e-02 9.375000000000000000e-02 8.633093525179856564e-02 9.459459459459459985e-02 8.860759493670886111e-02 8.988764044943819975e-02 8.290155440414508081e-02 8.450704225352112520e-02 8.264462809917355601e-02 7.246376811594203160e-02 7.594936708860759722e-02 6.753246753246752720e-02 6.708595387840671220e-02 6.614173228346456601e-02 5.268703898840885330e-02 4.400209533787323435e-02
2.780075128638283454e-314 1.153846153846153910e-01 1.111111111111111049e-01 1.206896551724137984e-01 1.280000000000000027e-01 1.230769230769230838e-01 1.267605633802816878e-01 1.324503311258278249e-01 1.242236024844720482e-01 1.215469613259668458e-01 1.218274111675126947e-01 1.192660550458715663e-01 1.133603238866396773e-01 1.134751773049645363e-01 9.937888198757763303e-02 9.160305343511450371e-02 1.067761806981519512e-01 9.876543209876542662e-02 7.223942208462331982e-02 6.772703950743971801e-02
2.780076298585732806e-314 1.509433962264150886e-01 1.454545454545454475e-01 1.680672268907563160e-01 1.574803149606299191e-01 1.654135338345864570e-01 1.655172413793103425e-01 1.688311688311688319e-01 1.575757575757575635e-01 1.621621621621621712e-01 1.592039800995024845e-01 1.531531531531531432e-01 1.507936507936507853e-01 1.463414634146341375e-01 1.398176291793312986e-01 1.296758104738154616e-01 1.327967806841046372e-01 1.238670694864048294e-01 9.100101112234580680e-02 8.547008547008547175e-02
2.780996051192030871e-314 1.666666666666666574e-01 1.785714285714285754e-01 1.983471074380165344e-01 2.000000000000000111e-01 2.058823529411764608e-01 2.027027027027027140e-01 2.038216560509554243e-01 1.785714285714285754e-01 1.904761904761904656e-01 1.951219512195122019e-01 1.850220264317180563e-01 1.789883268482490297e-01 1.843003412969283217e-01 1.666666666666666574e-01 1.564792176039119798e-01 1.617357001972386521e-01 1.540740740740740855e-01 1.129831516352824555e-01 1.074420896993592972e-01
2.780995070965789522e-314 2.000000000000000111e-01 2.260869565217391297e-01 2.276422764227642170e-01 2.272727272727272652e-01 2.318840579710144956e-01 2.133333333333333470e-01 2.374999999999999889e-01 2.105263157894736725e-01 2.187500000000000000e-01 2.296650717703349331e-01 2.164502164502164483e-01 2.061068702290076438e-01 2.140468227424749126e-01 1.929824561403508665e-01 1.918465227817745811e-01 1.856866537717601628e-01 1.715116279069767435e-01 1.399416909620991301e-01 1.275978733687771760e-01
2.780996493874849544e-314 2.321428571428571508e-01 2.564102564102563875e-01 2.698412698412698263e-01 2.666666666666666630e-01 2.695035460992907805e-01 2.483660130718954306e-01 2.699386503067484622e-01 2.514285714285714457e-01 2.551020408163265363e-01 2.629107981220657475e-01 2.382978723404255428e-01 2.247191011235954994e-01 2.236842105263157909e-01 2.120343839541547204e-01 2.164705882352941091e-01 1.973434535104364451e-01 1.851851851851851749e-01 1.620591039084842699e-01 1.488857278330962541e-01
2.780992715260790151e-314 2.456140350877192846e-01 2.857142857142856984e-01 2.968750000000000000e-01 2.919708029197080057e-01 3.055555555555555802e-01 2.820512820512820484e-01 3.012048192771084598e-01 2.808988764044944020e-01 2.814070351758793942e-01 2.764976958525345863e-01 2.666666666666666630e-01 2.426470588235294101e-01 2.322580645161290425e-01 2.359550561797752743e-01 2.401847575057736717e-01 2.085661080074487916e-01 2.041958041958041870e-01 1.777362020579981161e-01 1.656584457887389505e-01
2.780993331854716160e-314 2.758620689655172376e-01 3.140495867768595128e-01 3.230769230769230949e-01 3.285714285714285698e-01 3.150684931506849140e-01 3.018867924528301772e-01 3.313609467455621571e-01 3.093922651933701529e-01 3.054187192118226757e-01 2.986425339366515774e-01 2.786885245901639108e-01 2.671480144404332346e-01 2.468354430379746944e-01 2.596685082872928207e-01 2.585034013605442271e-01 2.303473491773309068e-01 2.252747252747252793e-01 1.928374655647382974e-01 1.754225673823663900e-01
2.780993205373910825e-314 3.050847457627118842e-01 3.414634146341463672e-01 3.609022556390977243e-01 3.521126760563380031e-01 3.489932885906040227e-01 3.209876543209876365e-01 3.604651162790697416e-01 3.351351351351351537e-01 3.188405797101449002e-01 3.200000000000000067e-01 3.132530120481927804e-01 2.836879432624113684e-01 2.741433021806853332e-01 2.764227642276422814e-01 2.717149220489977757e-01 2.477558348294434387e-01 2.425876010781671255e-01 2.037871956717763888e-01 1.929116195603409467e-01
2.780998833769748249e-314 3.333333333333333148e-01 3.809523809523809312e-01 3.851851851851851860e-01 3.862068965517241326e-01 3.815789473684210731e-01 3.515151515151515027e-01 3.771428571428571686e-01 3.510638297872340496e-01 3.333333333333333148e-01 3.406113537117904100e-01 3.241106719367589095e-01 2.996515679442508517e-01 2.935779816513761631e-01 3.085106382978723416e-01 2.844638949671772221e-01 2.645502645502645356e-01 2.516556291390728561e-01 2.249778565101860084e-01 2.027324812692816169e-01
2.780996746836460215e-314 3.606557377049180446e-01 3.906250000000000000e-01 4.087591240875912413e-01 4.081632653061224580e-01 4.025974025974026205e-01 3.712574850299401041e-01 3.932584269662921517e-01 3.664921465968586367e-01 3.644859813084111999e-01 3.347639484978540692e-01 3.488372093023255904e-01 3.082191780821917915e-01 3.183183183183183051e-01 3.193717277486911033e-01 3.010752688172043112e-01 2.807625649913345067e-01 2.682291666666666852e-01 2.332463011314186152e-01 2.182763100909484721e-01
2.177952345869846211e-314 4.000000000000000222e-01 4.000000000000000222e-01 4.285714285714285476e-01 4.400000000000000022e-01 4.331210191082802696e-01 4.000000000000000222e-01 4.198895027624309217e-01 4.000000000000000222e-01 3.870967741935483764e-01 3.544303797468354444e-01 3.740458015267175695e-01 3.232323232323232598e-01 3.372781065088757413e-01 3.239074550128534513e-01 3.128964059196617242e-01 2.827938671209540011e-01 2.736572890025575355e-01 2.463644140290846829e-01 2.290336313324819184e-01
2.177952345869846211e-314 4.094488188976377896e-01 4.242424242424242542e-01 4.366197183098591283e-01 4.605263157894736725e-01 4.528301886792452935e-01 4.277456647398844014e-01 4.347826086956521618e-01 4.242424242424242542e-01 3.981900452488687514e-01 3.734439834024896321e-01 3.909774436090225347e-01 3.377483443708609312e-01 3.488372093023255904e-01 3.443037974683544333e-01 3.160083160083160259e-01 2.948073701842546246e-01 2.817610062893081690e-01 2.573591253153910685e-01 2.444537463373796515e-01
