0.000000000000000000e+00 2.978723404255319007e-01 3.125000000000000000e-01 3.564356435643564192e-01 4.271844660194174526e-01 3.418803418803418870e-01 3.387096774193548154e-01 3.787878787878787845e-01 3.309352517985611475e-01 3.417721518987341667e-01 4.912280701754385692e-01 4.285714285714285476e-01 4.682926829268292956e-01 4.274193548387096864e-01 4.169611307420494906e-01 3.895348837209302584e-01 3.420427553444180258e-01 3.165217391304347982e-01 2.712264150943396457e-01 2.508751458576429227e-01
2.172112920761245850e-314 6.153846153846154188e-02 3.030303030303030387e-02 2.898550724637681195e-02 2.941176470588235253e-02 0.000000000000000000e+00 2.380952380952380820e-02 2.222222222222222307e-02 4.301075268817204644e-02 3.738317757009345516e-02 6.956521739130434867e-02 4.477611940298507204e-02 7.407407407407406996e-02 5.952380952380952051e-02 5.263157894736841813e-02 5.172413793103448204e-02 5.693950177935942769e-02 4.627249357326478074e-02 4.225352112676056260e-02 2.946273830155979323e-02
2.172112920761245850e-314 8.955223880597014408e-02 5.882352941176470507e-02 5.633802816901408578e-02 5.714285714285714107e-02 7.228915662650602092e-02 6.896551724137930939e-02 8.602150537634409289e-02 6.250000000000000000e-02 1.081081081081081141e-01 1.344537815126050362e-01 8.695652173913043237e-02 1.428571428571428492e-01 1.034482758620689641e-01 1.015228426395939076e-01 9.166666666666666019e-02 8.934707903780068905e-02 7.960199004975124226e-02 6.802721088435374763e-02 5.192629815745393451e-02
2.172112920761245850e-314 1.449275362318840632e-01 5.714285714285714107e-02 8.219178082191780366e-02 1.095890410958904049e-01 7.058823529411764608e-02 1.111111111111111049e-01 1.250000000000000000e-01 8.080808080808081495e-02 1.228070175438596423e-01 1.788617886178861804e-01 1.398601398601398704e-01 1.793103448275862044e-01 1.555555555555555580e-01 1.379310344827586188e-01 1.290322580645161255e-01 1.262458471760797285e-01 1.253012048192771177e-01 8.881578947368420907e-02 7.617504051863857595e-02
2.172112920761245850e-314 1.408450704225352179e-01 5.555555555555555247e-02 1.052631578947368363e-01 1.333333333333333315e-01 1.363636363636363535e-01 1.720430107526881858e-01 1.818181818181818232e-01 7.766990291262135249e-02 1.525423728813559421e-01 2.204724409448818867e-01 1.904761904761904656e-01 2.266666666666666552e-01 1.945945945945946054e-01 2.000000000000000111e-01 1.875000000000000000e-01 1.607717041800643121e-01 1.631701631701631683e-01 1.082802547770700674e-01 9.890109890109889668e-02
2.172112920761245850e-314 1.643835616438356073e-01 8.108108108108108558e-02 1.282051282051281937e-01 1.794871794871794879e-01 1.758241758241758379e-01 1.666666666666666574e-01 2.156862745098039325e-01 1.132075471698113234e-01 1.803278688524590223e-01 2.748091603053435250e-01 2.236842105263157909e-01 2.709677419354838968e-01 2.513089005235601969e-01 2.396313364055299433e-01 2.121212121212121271e-01 1.931464174454828597e-01 1.990950226244343757e-01 1.358024691358024616e-01 1.248097412480974056e-01
2.172112920761245850e-314 2.133333333333333470e-01 1.298701298701298579e-01 1.250000000000000000e-01 2.000000000000000111e-01 1.935483870967741882e-01 1.836734693877551117e-01 2.476190476190476275e-01 1.651376146788990917e-01 2.240000000000000047e-01 3.259259259259259522e-01 2.435897435897435848e-01 3.125000000000000000e-01 2.944162436548223294e-01 2.690582959641255600e-01 2.426470588235294101e-01 2.235649546827794543e-01 2.153846153846153966e-01 1.586826347305389240e-01 1.447562776957163899e-01
2.172112920761245850e-314 2.337662337662337608e-01 1.265822784810126667e-01 1.686746987951807109e-01 2.409638554216867457e-01 2.291666666666666574e-01 1.980198019801980291e-01 2.592592592592592449e-01 1.946902654867256610e-01 2.790697674418604612e-01 3.741007194244604372e-01 2.625000000000000111e-01 3.393939393939394145e-01 3.069306930693069257e-01 2.956521739130434923e-01 2.642857142857142905e-01 2.404692082111437035e-01 2.260127931769722875e-01 1.889534883720930258e-01 1.664275466284074467e-01
2.172112920761245850e-314 2.278481012658227778e-01 1.481481481481481399e-01 1.647058823529411742e-01 2.588235294117647300e-01 2.222222222222222099e-01 2.307692307692307820e-01 2.882882882882882858e-01 2.241379310344827624e-01 3.030303030303030387e-01 3.916083916083916150e-01 3.030303030303030387e-01 3.647058823529411575e-01 3.173076923076922906e-01 3.122362869198312407e-01 2.916666666666666852e-01 2.507122507122507282e-01 2.448132780082987459e-01 2.062146892655367103e-01 1.868898186889818569e-01
2.172112920761245850e-314 2.222222222222222099e-01 1.686746987951807109e-01 2.068965517241379282e-01 2.954545454545454697e-01 2.376237623762376128e-01 2.429906542056074759e-01 2.982456140350877027e-01 2.352941176470588203e-01 3.235294117647058987e-01 4.081632653061224580e-01 3.195266272189349332e-01 3.885714285714285676e-01 3.364485981308411033e-01 3.456790123456789932e-01 3.108108108108108003e-01 2.714681440443213467e-01 2.666666666666666630e-01 2.142857142857142738e-01 1.940298507462686617e-01
2.172112920761245850e-314 2.168674698795180766e-01 2.117647058823529382e-01 2.444444444444444364e-01 3.111111111111111160e-01 2.884615384615384359e-01 2.727272727272727071e-01 3.247863247863247982e-01 2.601626016260162877e-01 3.142857142857142794e-01 4.238410596026490063e-01 3.448275862068965747e-01 4.111111111111110938e-01 3.744292237442922167e-01 3.599999999999999867e-01 3.289473684210526550e-01 2.964959568733153694e-01 2.868369351669941003e-01 2.299465240641711261e-01 2.034346103038309206e-01
2.172112920761245850e-314 2.352941176470588203e-01 2.500000000000000000e-01 2.608695652173912971e-01 3.440860215053763715e-01 3.364485981308411033e-01 2.831858407079645978e-01 3.499999999999999778e-01 2.698412698412698263e-01 3.356643356643356779e-01 4.387096774193548487e-01 3.370786516853932491e-01 4.216216216216216450e-01 3.822222222222222410e-01 3.813229571984435573e-01 3.461538461538461453e-01 3.097112860892388686e-01 2.873563218390804419e-01 2.473958333333333426e-01 2.084942084942084939e-01
2.172112920761245850e-314 2.528735632183908288e-01 2.666666666666666630e-01 2.978723404255319007e-01 3.578947368421052655e-01 3.486238532110091937e-01 2.782608695652173947e-01 3.577235772357723609e-01 2.945736434108527368e-01 3.401360544217686965e-01 4.276729559748427834e-01 3.606557377049180446e-01 4.210526315789473450e-01 4.069264069264069139e-01 3.878326996197718479e-01 3.687500000000000222e-01 3.222506393861892526e-01 3.102803738317757021e-01 2.563451776649746106e-01 2.220828105395232233e-01
2.172112920761245850e-314 2.888888888888888618e-01 2.826086956521738913e-01 3.092783505154639290e-01 4.081632653061224580e-01 3.392857142857143016e-01 2.881355932203389925e-01 3.809523809523809312e-01 3.157894736842105088e-01 3.599999999999999867e-01 4.417177914110429482e-01 3.957219251336898669e-01 4.307692307692307931e-01 4.152542372881355970e-01 3.851851851851851860e-01 3.780487804878048808e-01 3.192019950124688199e-01 3.169398907103825325e-01 2.574257425742574323e-01 2.264381884944920431e-01
2.172112920761245850e-314 2.826086956521738913e-01 3.191489361702127825e-01 3.232323232323232598e-01 4.199999999999999845e-01 3.508771929824561209e-01 3.140495867768595128e-01 3.875968992248062239e-01 3.235294117647058987e-01 3.506493506493506551e-01 4.550898203592814162e-01 4.188481675392670134e-01 4.400000000000000022e-01 4.214876033057851079e-01 4.057971014492753881e-01 3.809523809523809312e-01 3.309002433090024176e-01 3.202846975088968207e-01 2.632850241545893755e-01 2.413381123058542521e-01
