2.780804875454766475e-314 2.142857142857142738e-01 2.117647058823529382e-01 3.225806451612903136e-01 4.199999999999999845e-01 2.476190476190476275e-01 3.362831858407079877e-01 3.414634146341463672e-01 2.790697674418604612e-01 3.013698630136986134e-01 4.078947368421052544e-01 3.468208092485549066e-01 4.467005076142132047e-01 3.716814159292035624e-01 3.552123552123552241e-01 4.102564102564102422e-01 3.478260869565217295e-01 3.288718929254302314e-01 2.673521850899742702e-01 2.374603174603174549e-01
2.780804559252753137e-314 7.272727272727272374e-02 0.000000000000000000e+00 3.278688524590164105e-02 3.076923076923077094e-02 0.000000000000000000e+00 2.739726027397260122e-02 2.469135802469135665e-02 2.409638554216867595e-02 4.210526315789473589e-02 8.333333333333332871e-02 3.603603603603603572e-02 6.299212598425196763e-02 5.479452054794520244e-02 3.614457831325301046e-02 5.999999999999999778e-02 6.374501992031872399e-02 5.341246290801186791e-02 4.819277108433735191e-02 3.152709359605911088e-02
2.780802377458861102e-314 7.017543859649122417e-02 3.508771929824561209e-02 6.349206349206348854e-02 5.970149253731343170e-02 2.816901408450704289e-02 5.263157894736841813e-02 2.380952380952380820e-02 2.325581395348837177e-02 1.010101010101010083e-01 1.400000000000000133e-01 8.695652173913043237e-02 1.212121212121212155e-01 9.210526315789473173e-02 9.248554913294797231e-02 1.057692307692307682e-01 9.961685823754788671e-02 9.142857142857142849e-02 7.335907335907336513e-02 5.687203791469194053e-02
2.780802598800270439e-314 6.779661016949152519e-02 3.389830508474576259e-02 6.153846153846154188e-02 1.142857142857142821e-01 2.739726027397260122e-02 1.012658227848101250e-01 4.597701149425287293e-02 2.247191011235954994e-02 9.803921568627450844e-02 1.923076923076923184e-01 1.333333333333333315e-01 1.605839416058394142e-01 1.518987341772151944e-01 1.229050279329608891e-01 1.481481481481481399e-01 1.402214022140221283e-01 1.432506887052341638e-01 9.293680297397768908e-02 7.671232876712329174e-02
2.780800669967989075e-314 6.557377049180328210e-02 3.278688524590164105e-02 8.823529411764706454e-02 1.388888888888888951e-01 7.894736842105262720e-02 1.463414634146341375e-01 1.111111111111111049e-01 2.150537634408602322e-02 1.320754716981132060e-01 2.407407407407407274e-01 1.935483870967741882e-01 1.971830985915492829e-01 1.840490797546012192e-01 1.935483870967741882e-01 2.053571428571428492e-01 1.779359430604982306e-01 1.803713527851458776e-01 1.146953405017921146e-01 9.867841409691630039e-02
2.780071397454526061e-314 9.523809523809523281e-02 6.349206349206348854e-02 1.142857142857142821e-01 1.866666666666666752e-01 1.265822784810126667e-01 1.411764705882352922e-01 1.505376344086021556e-01 4.166666666666666435e-02 1.636363636363636354e-01 2.857142857142856984e-01 2.170542635658914699e-01 2.448979591836734637e-01 2.248520710059171701e-01 2.383419689119170848e-01 2.327586206896551657e-01 2.130584192439862468e-01 2.205128205128205066e-01 1.453287197231833972e-01 1.208510638297872336e-01
2.780071160303016057e-314 1.538461538461538547e-01 6.060606060606060774e-02 1.111111111111111049e-01 2.077922077922078059e-01 1.481481481481481399e-01 1.609195402298850552e-01 1.875000000000000000e-01 1.010101010101010083e-01 1.592920353982300863e-01 3.103448275862069061e-01 2.255639097744360777e-01 2.894736842105263275e-01 2.742857142857142994e-01 2.713567839195979992e-01 2.666666666666666630e-01 2.392026578073089826e-01 2.332506203473945494e-01 1.638795986622073597e-01 1.415637860082304411e-01
2.780075002157478119e-314 1.791044776119402882e-01 5.882352941176470507e-02 1.600000000000000033e-01 2.500000000000000000e-01 1.666666666666666574e-01 1.777777777777777846e-01 2.020202020202020166e-01 1.359223300970873738e-01 2.222222222222222099e-01 3.499999999999999778e-01 2.189781021897810320e-01 3.184713375796178192e-01 2.888888888888888618e-01 3.009708737864077444e-01 2.903225806451613100e-01 2.572347266881028771e-01 2.446043165467625957e-01 1.877022653721682754e-01 1.641434262948207046e-01
2.780073547628216762e-314 1.739130434782608647e-01 8.571428571428571508e-02 1.558441558441558406e-01 2.682926829268292845e-01 1.609195402298850552e-01 2.150537634408602183e-01 2.352941176470588203e-01 1.698113207547169712e-01 2.500000000000000000e-01 3.548387096774193727e-01 2.535211267605633756e-01 3.456790123456789932e-01 3.010752688172043112e-01 3.098591549295774406e-01 3.203125000000000000e-01 2.679127725856697562e-01 2.558139534883721034e-01 2.037617554858934255e-01 1.806949806949806892e-01
2.780072646452478748e-314 1.690140845070422504e-01 8.333333333333332871e-02 1.772151898734177222e-01 3.058823529411764941e-01 1.797752808988763995e-01 2.291666666666666574e-01 2.476190476190476275e-01 1.834862385321101019e-01 2.741935483870967527e-01 3.437500000000000000e-01 2.739726027397260122e-01 3.712574850299401041e-01 3.125000000000000000e-01 3.196347031963470142e-01 3.409090909090908839e-01 2.900302114803625653e-01 2.753950338600451575e-01 2.097264437689969618e-01 1.887640449438202361e-01
2.780074385563552109e-314 1.643835616438356073e-01 8.108108108108108558e-02 2.195121951219512202e-01 3.218390804597701105e-01 1.956521739130434867e-01 2.626262626262626521e-01 2.777777777777777901e-01 1.946902654867256610e-01 2.656250000000000000e-01 3.484848484848485084e-01 2.781456953642383878e-01 3.837209302325581550e-01 3.248730964467004823e-01 3.274336283185840801e-01 3.602941176470588203e-01 3.167155425219941312e-01 2.975929978118161956e-01 2.271386430678466184e-01 1.978181818181818097e-01
2.780075444840296792e-314 1.600000000000000033e-01 1.298701298701298579e-01 2.380952380952380820e-01 3.333333333333333148e-01 2.315789473684210509e-01 2.745098039215686514e-01 3.063063063063062863e-01 2.068965517241379282e-01 2.900763358778625789e-01 3.676470588235294379e-01 2.709677419354838968e-01 3.954802259887005844e-01 3.349753694581280583e-01 3.347639484978540692e-01 3.785714285714285587e-01 3.247863247863247982e-01 2.978723404255319007e-01 2.435530085959885516e-01 2.021201413427561877e-01
8.646148802221814523e-322 1.818181818181818232e-01 1.518987341772151944e-01 2.790697674418604612e-01 3.478260869565217295e-01 2.474226804123711432e-01 2.692307692307692180e-01 3.157894736842105088e-01 2.352941176470588203e-01 2.962962962962962798e-01 3.571428571428571508e-01 2.999999999999999889e-01 3.956043956043955867e-01 3.444976076555024136e-01 3.347280334728033324e-01 3.888888888888888951e-01 3.324099722991689654e-01 3.229813664596273282e-01 2.506963788300835549e-01 2.116838487972508565e-01
2.819744253573979731e-01 2.000000000000000111e-01 1.728395061728394966e-01 2.921348314606741492e-01 4.000000000000000222e-01 2.399999999999999911e-01 2.803738317757009102e-01 3.418803418803418870e-01 2.601626016260162877e-01 3.188405797101449002e-01 3.750000000000000000e-01 3.414634146341463672e-01 4.064171122994652552e-01 3.551401869158878344e-01 3.252032520325203180e-01 3.986486486486486291e-01 3.288409703504043269e-01 3.299798792756539201e-01 2.520325203252032353e-01 2.140468227424749126e-01
2.519958291317147658e+00 1.951219512195122019e-01 2.168674698795180766e-01 2.857142857142856984e-01 4.123711340206185350e-01 2.549019607843137081e-01 3.090909090909090828e-01 3.499999999999999778e-01 2.698412698412698263e-01 3.098591549295774406e-01 3.783783783783783994e-01 3.333333333333333148e-01 4.166666666666666852e-01 3.636363636363636465e-01 3.492063492063491870e-01 4.013157894736842368e-01 3.412073490813648524e-01 3.333333333333333148e-01 2.585751978891820402e-01 2.280130293159609023e-01
