0.000000000000000000e+00 3.125000000000000000e-01 3.366336633663366551e-01 3.653846153846153633e-01 4.504504504504504570e-01 3.471074380165289353e-01 3.875968992248062239e-01 3.823529411764705621e-01 3.513513513513513709e-01 3.522012578616351974e-01 4.916201117318435565e-01 4.278606965174129306e-01 4.324324324324324564e-01 4.173228346456692717e-01 4.040404040404040331e-01 3.753501400560224077e-01 3.348017621145374378e-01 3.175675675675675436e-01 2.717149220489977757e-01 2.551995503091624706e-01
4.199557989650595626e-322 5.970149253731343170e-02 2.816901408450704289e-02 2.777777777777777624e-02 5.263157894736841813e-02 0.000000000000000000e+00 2.247191011235954994e-02 2.127659574468085055e-02 3.921568627450980338e-02 3.703703703703703498e-02 6.504065040650407192e-02 4.316546762589928282e-02 6.578947368421052266e-02 5.747126436781609116e-02 4.901960784313725422e-02 4.897959183673469136e-02 5.095541401273885607e-02 4.433497536945812945e-02 3.883495145631067624e-02 2.789171452009844149e-02
4.990063022996590096e-322 8.695652173913043237e-02 5.479452054794520244e-02 5.405405405405405705e-02 7.692307692307692735e-02 6.896551724137930939e-02 6.521739130434782428e-02 8.247422680412370977e-02 5.714285714285714107e-02 1.071428571428571369e-01 1.259842519685039353e-01 8.391608391608391948e-02 1.273885350318471332e-01 1.000000000000000056e-01 9.478672985781989857e-02 8.695652173913043237e-02 8.024691358024690913e-02 7.637231503579952618e-02 6.269592476489027622e-02 4.924543288324066681e-02
2.124482277117360140e-322 1.408450704225352179e-01 1.066666666666666735e-01 7.894736842105262720e-02 1.481481481481481399e-01 6.741573033707864981e-02 1.052631578947368363e-01 1.400000000000000133e-01 9.259259259259258745e-02 1.217391304347826136e-01 1.679389312977099258e-01 1.351351351351351426e-01 1.604938271604938183e-01 1.505376344086021556e-01 1.290322580645161255e-01 1.226053639846743232e-01 1.137724550898203540e-01 1.203703703703703637e-01 8.814589665653495276e-02 7.544264819091608953e-02
5.434722104253711986e-322 1.643835616438356073e-01 1.038961038961039030e-01 1.012658227848101250e-01 1.686746987951807109e-01 1.304347826086956486e-01 1.632653061224489666e-01 1.941747572815533951e-01 8.928571428571428770e-02 1.512605042016806622e-01 2.074074074074074014e-01 1.842105263157894635e-01 2.035928143712574800e-01 1.884816753926701616e-01 1.875000000000000000e-01 1.784386617100371664e-01 1.453488372093023340e-01 1.569506726457399193e-01 1.061946902654867242e-01 9.858103061986557558e-02
5.632348362590210604e-322 1.866666666666666752e-01 1.265822784810126667e-01 1.234567901234567833e-01 2.093023255813953598e-01 1.684210526315789436e-01 1.980198019801980291e-01 2.264150943396226467e-01 1.217391304347826136e-01 1.788617886178861804e-01 2.589928057553956831e-01 2.165605095541401348e-01 2.441860465116278966e-01 2.436548223350253894e-01 2.251082251082251184e-01 2.021660649819494449e-01 1.751412429378531033e-01 1.917211328976034801e-01 1.346704871060172004e-01 1.247280638143582338e-01
9.436653835567808994e-322 2.337662337662337608e-01 1.707317073170731836e-01 1.445783132530120418e-01 2.500000000000000000e-01 1.855670103092783574e-01 2.135922330097087263e-01 2.568807339449541427e-01 1.694915254237288060e-01 2.222222222222222099e-01 3.076923076923077094e-01 2.360248447204968958e-01 2.824858757062146952e-01 2.857142857142856984e-01 2.531645569620253333e-01 2.315789473684210509e-01 2.032967032967032961e-01 2.076271186440677985e-01 1.559888579387186669e-01 1.465821000704721766e-01
6.916919041777451618e-323 2.531645569620253333e-01 1.666666666666666574e-01 1.860465116279069742e-01 2.857142857142856984e-01 2.200000000000000011e-01 2.264150943396226467e-01 2.678571428571428492e-01 2.295081967213114804e-01 2.769230769230769384e-01 3.537414965986394599e-01 2.666666666666666630e-01 3.076923076923077094e-01 2.980769230769230727e-01 2.786885245901639108e-01 2.525597269624573205e-01 2.192513368983957101e-01 2.181069958847736689e-01 1.842818428184281876e-01 1.686086360520904770e-01
6.867512477193326964e-322 2.469135802469135665e-01 1.860465116279069742e-01 1.818181818181818232e-01 3.010752688172043112e-01 2.135922330097087263e-01 2.568807339449541427e-01 2.956521739130434923e-01 2.560000000000000053e-01 3.007518796992481036e-01 3.708609271523178874e-01 3.058823529411764941e-01 3.315508021390374260e-01 3.084112149532710068e-01 2.948207171314741193e-01 2.790697674418604612e-01 2.291666666666666574e-01 2.364729458917835536e-01 2.005277044854881230e-01 1.881254169446297531e-01
7.905050333459944707e-323 2.409638554216867457e-01 2.045454545454545581e-01 2.222222222222222099e-01 3.333333333333333148e-01 2.285714285714285643e-01 2.857142857142856984e-01 3.050847457627118842e-01 2.656250000000000000e-01 3.211678832116788285e-01 4.000000000000000222e-01 3.218390804597701105e-01 3.541666666666666852e-01 3.272727272727272707e-01 3.268482490272373586e-01 2.977346278317152262e-01 2.487309644670050723e-01 2.578125000000000000e-01 2.082262210796915203e-01 1.975308641975308532e-01
7.163951864698074891e-322 2.352941176470588203e-01 2.444444444444444364e-01 2.580645161290322509e-01 3.469387755102040782e-01 2.777777777777777901e-01 3.130434782608695898e-01 3.305785123966942241e-01 2.878787878787879007e-01 3.120567375886524886e-01 4.150943396226415283e-01 3.463687150837989059e-01 3.756345177664974777e-01 3.644444444444444597e-01 3.409090909090908839e-01 3.154574132492113381e-01 2.722772277227722970e-01 2.813688212927756838e-01 2.230576441102756768e-01 2.089930335655478255e-01
1.111647703142804724e-321 2.528735632183908288e-01 2.795698924731182533e-01 2.736842105263158076e-01 3.762376237623762387e-01 3.243243243243243423e-01 3.220338983050847204e-01 3.548387096774193727e-01 2.962962962962962798e-01 3.333333333333333148e-01 4.294478527607362150e-01 3.387978142076502608e-01 3.861386138613861485e-01 3.722943722943722888e-01 3.690036900369003670e-01 3.323076923076923039e-01 2.898550724637681264e-01 2.857142857142856984e-01 2.420537897310513498e-01 2.137121680049413330e-01
1.161054267726929379e-321 2.696629213483145993e-01 2.947368421052631304e-01 3.092783505154639290e-01 3.883495145631067902e-01 3.362831858407079877e-01 3.333333333333333148e-01 3.622047244094488416e-01 3.188405797101449002e-01 3.513513513513513709e-01 4.191616766467065602e-01 3.617021276595744905e-01 3.864734299516908167e-01 3.966244725738396482e-01 3.754512635379061436e-01 3.543543543543543617e-01 3.113207547169811185e-01 3.079710144927536031e-01 2.529832935560858975e-01 2.278481012658227778e-01
1.170935580643754310e-321 3.043478260869565410e-01 3.092783505154639290e-01 3.200000000000000067e-01 4.339622641509434109e-01 3.448275862068965747e-01 3.414634146341463672e-01 3.846153846153846367e-01 3.380281690140845008e-01 3.708609271523178874e-01 4.327485380116958824e-01 3.958333333333333148e-01 3.962264150943396457e-01 4.049586776859503967e-01 3.732394366197183122e-01 3.636363636363636465e-01 3.087557603686635899e-01 3.144876325088339364e-01 2.564102564102563875e-01 2.319011183048852176e-01
1.388324464813902789e-321 2.978723404255319007e-01 3.434343434343434254e-01 3.333333333333333148e-01 4.444444444444444198e-01 3.559322033898305038e-01 3.650793650793650591e-01 3.909774436090225347e-01 3.448275862068965747e-01 3.612903225806451402e-01 4.571428571428571286e-01 4.183673469387755306e-01 4.055299539170507117e-01 4.112903225806451846e-01 3.931034482758620774e-01 3.667621776504297881e-01 3.243243243243243423e-01 3.212435233160621517e-01 2.642369020501139087e-01 2.461184588844163301e-01
