4.740000000000000000e+02
1.300000000000000000e+03
2.500000000000000000e+03
2.900000000000000000e+03
8.150000000000000000e+03
8.400000000000000000e+03
1.120000000000000000e+04
1.145000000000000000e+04
1.200000000000000000e+04
1.210000000000000000e+04
1.600000000000000000e+04
1.670000000000000000e+04
1.840000000000000000e+04
1.870000000000000000e+04
2.190000000000000000e+04
2.220000000000000000e+04
2.400000000000000000e+04
2.430000000000000000e+04
2.525000000000000000e+04
2.590000000000000000e+04
2.757000000000000000e+04
2.776000000000000000e+04
2.786000000000000000e+04
2.867000000000000000e+04
2.967000000000000000e+04
3.212000000000000000e+04
3.240000000000000000e+04
3.391000000000000000e+04
3.405000000000000000e+04
3.578000000000000000e+04
3.625000000000000000e+04
4.300000000000000000e+04
4.322000000000000000e+04
5.060000000000000000e+04
5.080000000000000000e+04
5.154000000000000000e+04
5.190000000000000000e+04
5.373000000000000000e+04
5.423000000000000000e+04
5.775000000000000000e+04
5.796000000000000000e+04
5.846000000000000000e+04
5.866000000000000000e+04
5.936000000000000000e+04
5.968000000000000000e+04
6.236000000000000000e+04
6.270000000000000000e+04
6.338000000000000000e+04
6.356000000000000000e+04
6.374800000000000000e+04
6.400000000000000000e+04
7.100000000000000000e+04
7.130000000000000000e+04
7.188000000000000000e+04
7.209000000000000000e+04
8.025000000000000000e+04
8.064000000000000000e+04
8.509000000000000000e+04
8.539000000000000000e+04
8.561000000000000000e+04
8.583000000000000000e+04
8.776000000000000000e+04
8.786000000000000000e+04
9.010000000000000000e+04
9.025000000000000000e+04
9.694000000000000000e+04
9.716000000000000000e+04
