0.000000000000000000e+00 4.217687074829932214e-01 4.183006535947712545e-01 4.223602484472049889e-01 4.367816091954023205e-01 4.371584699453551770e-01 4.387755102040816202e-01 4.131455399061033096e-01 4.000000000000000222e-01 3.935742971887550290e-01 3.663003663003662758e-01 3.853820598006644782e-01 3.381088825214899618e-01 3.409669211195928695e-01 3.398692810457516478e-01 3.186813186813186594e-01 2.994186046511627675e-01 2.788144895718990268e-01 2.731921110299488920e-01 2.597212032281731586e-01
2.781028145696384718e-314 5.084745762711864736e-02 4.878048780487805047e-02 4.651162790697674354e-02 4.316546762589928282e-02 4.109589041095890183e-02 3.846153846153846367e-02 4.678362573099414945e-02 4.347826086956521618e-02 4.040404040404040747e-02 3.686635944700460826e-02 4.184100418410041655e-02 3.584229390681003408e-02 3.833865814696485463e-02 3.825136612021858007e-02 3.225806451612903136e-02 3.649635036496350071e-02 3.586206896551723949e-02 3.122130394857667440e-02 2.585410895660203087e-02
2.781029236593330736e-314 8.333333333333332871e-02 8.000000000000000167e-02 7.633587786259542207e-02 7.092198581560284210e-02 8.053691275167784713e-02 7.547169811320754429e-02 8.045977011494252762e-02 7.486631016042780140e-02 7.920792079207920888e-02 7.239819004524887525e-02 7.407407407407406996e-02 7.042253521126760896e-02 6.896551724137930939e-02 6.970509383378016566e-02 5.882352941176470507e-02 6.093189964157706001e-02 5.962059620596205783e-02 4.869251577998196662e-02 4.351767905711695361e-02
2.781030232629672751e-314 1.147540983606557402e-01 1.102362204724409434e-01 1.052631578947368363e-01 1.111111111111111049e-01 1.059602649006622516e-01 1.111111111111111049e-01 1.129943502824858753e-01 1.052631578947368363e-01 1.073170731707317055e-01 1.066666666666666735e-01 1.048387096774193589e-01 9.688581314878892681e-02 1.046153846153846101e-01 8.970976253298153236e-02 8.000000000000000167e-02 9.507042253521126585e-02 9.054593874833555267e-02 6.731620903454384186e-02 6.767586821015138254e-02
2.781031086375108765e-314 1.451612903225806550e-01 1.395348837209302306e-01 1.470588235294117696e-01 1.369863013698630061e-01 1.428571428571428492e-01 1.454545454545454475e-01 1.444444444444444309e-01 1.443298969072164817e-01 1.435406698564593297e-01 1.397379912663755386e-01 1.349206349206349131e-01 1.292517006802721136e-01 1.333333333333333315e-01 1.243523316062176143e-01 1.135371179039301320e-01 1.176470588235294101e-01 1.124183006535947743e-01 8.703220191470843747e-02 8.573928258967629390e-02
2.781024208981318655e-314 1.746031746031745935e-01 1.679389312977099258e-01 1.739130434782608647e-01 1.744966442953020114e-01 1.783439490445859754e-01 1.785714285714285754e-01 1.748633879781420764e-01 1.725888324873096347e-01 1.784037558685445946e-01 1.716738197424892698e-01 1.712062256809338545e-01 1.605351170568561914e-01 1.666666666666666574e-01 1.475826972010177984e-01 1.373390557939914158e-01 1.428571428571428492e-01 1.388174807197943561e-01 1.094952951240376338e-01 1.074806534823731785e-01
2.781025394738868674e-314 2.031250000000000000e-01 2.089552238805970075e-01 2.000000000000000111e-01 1.986754966887417095e-01 2.012578616352201366e-01 2.000000000000000111e-01 2.043010752688172171e-01 2.000000000000000111e-01 2.037037037037036924e-01 2.025316455696202500e-01 1.992337164750957734e-01 1.842105263157894635e-01 1.929824561403508665e-01 1.704260651629072587e-01 1.687763713080168704e-01 1.638795986622073597e-01 1.592920353982300863e-01 1.379310344827586188e-01 1.276415891800507241e-01
2.781026438205512691e-314 2.307692307692307820e-01 2.352941176470588203e-01 2.377622377622377603e-01 2.337662337662337608e-01 2.345679012345678882e-01 2.312138728323699377e-01 2.328042328042327913e-01 2.352941176470588203e-01 2.363636363636363591e-01 2.323651452282157748e-01 2.188679245283018937e-01 2.071197411003236344e-01 2.017291066282420886e-01 1.921182266009852091e-01 1.950207468879668060e-01 1.776315789473684181e-01 1.739130434782608647e-01 1.571546732837055538e-01 1.496259351620947697e-01
2.781040066512287576e-314 2.575757575757575690e-01 2.608695652173912971e-01 2.620689655172414034e-01 2.564102564102563875e-01 2.666666666666666630e-01 2.613636363636363535e-01 2.604166666666666852e-01 2.608695652173912971e-01 2.600896860986546821e-01 2.448979591836734637e-01 2.444444444444444364e-01 2.229299363057324901e-01 2.152974504249291765e-01 2.179176755447941871e-01 2.163265306122449105e-01 1.909385113268608491e-01 1.907090464547677167e-01 1.741253051261187901e-01 1.668029435813573047e-01
2.781041015118327591e-314 2.835820895522387919e-01 2.857142857142856984e-01 2.857142857142856984e-01 2.893081761006289221e-01 2.874251497005987921e-01 2.905027932960894121e-01 2.871794871794871584e-01 2.857142857142856984e-01 2.819383259911894535e-01 2.650602409638554424e-01 2.627737226277372384e-01 2.445141065830720994e-01 2.284122562674094636e-01 2.386634844868734950e-01 2.369477911646586388e-01 2.133757961783439572e-01 2.117930204572803787e-01 1.873498799039231277e-01 1.777956556717618652e-01
2.781041963724367606e-314 3.088235294117647189e-01 3.098591549295774406e-01 3.200000000000000067e-01 3.105590062111800997e-01 3.176470588235293935e-01 3.186813186813186594e-01 3.131313131313131493e-01 3.084112149532710068e-01 3.030303030303030387e-01 2.845849802371541726e-01 2.939068100358422919e-01 2.654320987654321118e-01 2.527472527472527375e-01 2.582159624413145615e-01 2.490118577075098871e-01 2.288401253918495304e-01 2.295857988165680430e-01 2.017336485421591941e-01 1.939825811559778290e-01
2.780956193928249566e-314 3.333333333333333148e-01 3.448275862068965747e-01 3.421052631578947456e-01 3.414634146341463672e-01 3.468208092485549066e-01 3.459459459459459651e-01 3.283582089552238847e-01 3.225806451612903136e-01 3.162393162393162260e-01 3.112840466926070082e-01 3.038869257950529978e-01 2.796352583586625973e-01 2.702702702702702853e-01 2.863741339491917004e-01 2.645914396887159570e-01 2.500000000000000000e-01 2.400932400932400956e-01 2.218774243599689611e-01 2.042088854247856577e-01
1.976262583364986177e-321 3.571428571428571508e-01 3.673469387755102233e-01 3.636363636363636465e-01 3.614457831325301185e-01 3.657142857142857140e-01 3.636363636363636465e-01 3.431372549019607865e-01 3.363636363636363646e-01 3.445378151260504174e-01 3.065134099616858010e-01 3.263888888888888951e-01 2.934131736526945922e-01 2.925531914893617080e-01 2.961275626423690022e-01 2.796934865900382872e-01 2.674772036474163950e-01 2.548794489092996440e-01 2.337662337662337608e-01 2.210283960092095101e-01
2.659574468085106318e-03 3.916083916083916150e-01 3.758389261744966570e-01 3.949044585987261380e-01 3.905325443786982209e-01 3.932584269662921517e-01 3.894736842105263053e-01 3.671497584541063008e-01 3.660714285714285476e-01 3.651452282157676144e-01 3.245283018867924363e-01 3.493150684931506933e-01 3.067846607669616477e-01 3.149606299212598381e-01 3.049327354260089606e-01 2.943396226415094241e-01 2.724550898203592642e-01 2.598870056497175063e-01 2.468021068472535662e-01 2.312925170068027281e-01
2.659574468085106318e-03 4.137931034482758563e-01 3.973509933774834191e-01 4.025157232704402732e-01 4.093567251461988077e-01 4.111111111111110938e-01 4.145077720207253624e-01 3.904761904761904767e-01 3.876651982378854777e-01 3.755102040816326592e-01 3.420074349442379091e-01 3.648648648648648574e-01 3.197674418604651292e-01 3.307493540051679726e-01 3.230088495575221264e-01 3.048327137546468224e-01 2.890855457227138881e-01 2.694877505567928599e-01 2.609340252038547248e-01 2.457185405807892908e-01
