0.000000000000000000e+00 3.652173913043478271e-01 3.902439024390244038e-01 4.961240310077519311e-01 5.362318840579710644e-01 4.594594594594594850e-01 4.683544303797468333e-01 4.705882352941176405e-01 4.705882352941176405e-01 4.577114427860696777e-01 4.304932735426009183e-01 4.337349397590361533e-01 3.781818181818181746e-01 3.821656050955414274e-01 3.485254691689008144e-01 3.550561797752809223e-01 3.220035778175313057e-01 3.062330623306233068e-01 2.684684684684684464e-01 2.600815586769369969e-01
5.335908975085462677e-322 4.651162790697674354e-02 4.301075268817204644e-02 6.185567010309278579e-02 5.825242718446602130e-02 3.603603603603603572e-02 5.084745762711864736e-02 6.250000000000000000e-02 5.673758865248226813e-02 5.333333333333333676e-02 4.790419161676646997e-02 5.347593582887700397e-02 4.878048780487805047e-02 5.128205128205128027e-02 4.285714285714285754e-02 4.204204204204204515e-02 4.295942720763722827e-02 3.985507246376811252e-02 3.855421686746988291e-02 2.914389799635701273e-02
4.397184247987094243e-322 6.818181818181817677e-02 6.315789473684210731e-02 1.010101010101010083e-01 9.523809523809523281e-02 8.771929824561403022e-02 9.917355371900826722e-02 1.068702290076335853e-01 9.722222222222222376e-02 1.038961038961039030e-01 9.356725146198829890e-02 8.376963350785340823e-02 9.523809523809523281e-02 8.333333333333332871e-02 7.665505226480835710e-02 7.624633431085044155e-02 7.459207459207459201e-02 7.079646017699114946e-02 5.647058823529411964e-02 4.623592175459395603e-02
1.240104771061528826e-321 1.111111111111111049e-01 1.030927835051546337e-01 1.386138613861386260e-01 1.481481481481481399e-01 1.034482758620689641e-01 1.451612903225806550e-01 1.492537313432835688e-01 1.360544217687074953e-01 1.401273885350318438e-01 1.371428571428571497e-01 1.224489795918367319e-01 1.209302325581395332e-01 1.219512195121951192e-01 1.023890784982935120e-01 1.031518624641833831e-01 1.138952164009111589e-01 1.072664359861591754e-01 7.816091954022988397e-02 7.064273306311523448e-02
1.534347541403043413e+00 1.521739130434782705e-01 1.212121212121212155e-01 1.730769230769230727e-01 1.818181818181818232e-01 1.512605042016806622e-01 1.889763779527559029e-01 1.897810218978102093e-01 1.721854304635761501e-01 1.863354037267080654e-01 1.787709497206703968e-01 1.600000000000000033e-01 1.636363636363636354e-01 1.593625498007968100e-01 1.466666666666666674e-01 1.456582633053221387e-01 1.425389755011135795e-01 1.351351351351351426e-01 9.662921348314607028e-02 8.941709111488398143e-02
4.219923544023424511e-01 1.702127659574468044e-01 1.386138613861386260e-01 2.075471698113207641e-01 2.300884955752212357e-01 1.967213114754098324e-01 2.307692307692307820e-01 2.285714285714285643e-01 1.948051948051948146e-01 2.181818181818181712e-01 2.185792349726775885e-01 1.951219512195122019e-01 1.955555555555555658e-01 2.023346303501945553e-01 1.758957654723126984e-01 1.753424657534246589e-01 1.742919389978213607e-01 1.685950413223140376e-01 1.208791208791208799e-01 1.140011068068622069e-01
1.982117459970343110e-01 2.083333333333333426e-01 1.923076923076923184e-01 2.407407407407407274e-01 2.608695652173912971e-01 2.258064516129032195e-01 2.424242424242424310e-01 2.657342657342657288e-01 2.292993630573248454e-01 2.500000000000000000e-01 2.566844919786096524e-01 2.296650717703349331e-01 2.260869565217391297e-01 2.357414448669201412e-01 2.044728434504792247e-01 2.091152815013404831e-01 1.961620469083155682e-01 1.844660194174757295e-01 1.505376344086021556e-01 1.342717920952896660e-01
7.329752847223515444e-02 2.244897959183673464e-01 2.075471698113207641e-01 2.882882882882882858e-01 3.050847457627118842e-01 2.677165354330708902e-01 2.666666666666666630e-01 2.876712328767123128e-01 2.732919254658385255e-01 2.906976744186046679e-01 2.931937172774868872e-01 2.535211267605633756e-01 2.468085106382978677e-01 2.462686567164178997e-01 2.250000000000000056e-01 2.362204724409448786e-01 2.087682672233820425e-01 1.993670886075949444e-01 1.747368421052631626e-01 1.568627450980392135e-01
6.820324174949773423e-03 2.399999999999999911e-01 2.407407407407407274e-01 3.185840707964601726e-01 3.166666666666666519e-01 2.923076923076923239e-01 3.043478260869565410e-01 3.087248322147650992e-01 3.048780487804877981e-01 3.200000000000000067e-01 3.076923076923077094e-01 2.844036697247706580e-01 2.666666666666666630e-01 2.554744525547445466e-01 2.446483180428134507e-01 2.622107969151670770e-01 2.208588957055214741e-01 2.201550387596899194e-01 1.917525773195876415e-01 1.743642968344576993e-01
2.069101144946223700e-02 2.352941176470588203e-01 2.727272727272727071e-01 3.478260869565217295e-01 3.577235772357723609e-01 3.030303030303030387e-01 3.262411347517730764e-01 3.421052631578947456e-01 3.353293413173652482e-01 3.463687150837989059e-01 3.316582914572864249e-01 2.972972972972973138e-01 2.938775510204081898e-01 2.714285714285714080e-01 2.702702702702702853e-01 2.821158690176322481e-01 2.444889779559118181e-01 2.401215805471124676e-01 2.020202020202020166e-01 1.850533807829181365e-01
8.030222528822881373e-03 2.500000000000000000e-01 3.035714285714285476e-01 3.898305084745762872e-01 3.840000000000000080e-01 3.407407407407407329e-01 3.472222222222222099e-01 3.741935483870967860e-01 3.625730994152046582e-01 3.606557377049180446e-01 3.546798029556650356e-01 3.348017621145374378e-01 3.119999999999999996e-01 3.017543859649122751e-01 2.823529411764705843e-01 2.962962962962962798e-01 2.632612966601178828e-01 2.589285714285714524e-01 2.138613861386138570e-01 2.022919780767314379e-01
8.456530008926217701e-03 2.641509433962264120e-01 3.478260869565217295e-01 4.166666666666666852e-01 4.218750000000000000e-01 3.768115942028985588e-01 3.809523809523809312e-01 3.924050632911392222e-01 3.793103448275861878e-01 3.763440860215053752e-01 3.768115942028985588e-01 3.463203463203463062e-01 3.294117647058823484e-01 3.230240549828178875e-01 3.112391930835735065e-01 3.099273607748184167e-01 2.813102119460501038e-01 2.686131386861314030e-01 2.349514563106796239e-01 2.110405471421592516e-01
3.614968965931980582e-02 2.962962962962962798e-01 3.589743589743589758e-01 4.426229508196721230e-01 4.461538461538461786e-01 4.000000000000000222e-01 3.892617449664429463e-01 4.099378881987577605e-01 3.954802259887005844e-01 4.105263157894736836e-01 3.696682464454976169e-01 3.728813559322033955e-01 3.307692307692307598e-01 3.434343434343434254e-01 3.229461756373937509e-01 3.277909738717339483e-01 2.986767485822306445e-01 2.865329512893982633e-01 2.438095238095238093e-01 2.242453282223287048e-01
9.864361596652583553e-03 3.423423423423423428e-01 3.697478991596638842e-01 4.640000000000000235e-01 4.812030075187969658e-01 4.335664335664335400e-01 4.210526315789473450e-01 4.390243902439024404e-01 4.309392265193370264e-01 4.352331606217616500e-01 3.813953488372093248e-01 4.000000000000000222e-01 3.396226415094339424e-01 3.576158940397350938e-01 3.222222222222222432e-01 3.403263403263403486e-01 3.005565862708720060e-01 2.921348314606741492e-01 2.523364485981308136e-01 2.313117066290550083e-01
7.806237204291695398e-322 3.539823008849557473e-01 3.966942148760330689e-01 4.724409448818897572e-01 5.037037037037036535e-01 4.413793103448275801e-01 4.516129032258064391e-01 4.550898203592814162e-01 4.565217391304347561e-01 4.467005076142132047e-01 4.018264840182648179e-01 4.180327868852459217e-01 3.555555555555555691e-01 3.701298701298701421e-01 3.387978142076502608e-01 3.432494279176201424e-01 3.132969034608378833e-01 3.006896551724138056e-01 2.605504587155963447e-01 2.482694970004614698e-01
