0.000000000000000000e+00 4.225352112676056260e-01 4.266666666666666941e-01 4.358974358974359031e-01 4.606060606060606299e-01 4.469273743016759504e-01 4.526315789473684403e-01 4.174757281553397870e-01 4.144144144144144004e-01 4.033613445378151363e-01 3.759398496240601295e-01 3.864406779661017088e-01 3.504531722054380904e-01 3.535620052770448440e-01 3.446712018140589695e-01 3.270676691729323404e-01 3.055975794251134525e-01 2.834467120181405897e-01 2.725903614457831359e-01 2.571860816944024353e-01
1.313519952983743895e-71 5.309734513274336209e-02 5.000000000000000278e-02 4.838709677419354704e-02 4.615384615384615641e-02 4.225352112676056260e-02 4.000000000000000083e-02 4.878048780487805047e-02 4.545454545454545581e-02 4.278074866310160179e-02 3.809523809523809867e-02 4.291845493562231745e-02 3.831417624521072512e-02 4.013377926421404784e-02 4.022988505747126381e-02 3.333333333333333287e-02 3.454894433781190155e-02 3.448275862068965469e-02 3.053435114503816675e-02 2.399232245681381936e-02
2.789236963870229658e+179 8.695652173913043237e-02 8.196721311475409222e-02 7.936507936507936067e-02 7.575757575757575968e-02 8.275862068965517127e-02 7.843137254901960675e-02 8.383233532934131205e-02 7.821229050279329686e-02 8.376963350785340823e-02 7.476635514018691031e-02 7.594936708860759722e-02 7.518796992481202590e-02 7.213114754098361170e-02 7.323943661971830943e-02 6.074766355140186896e-02 6.026365348399246452e-02 5.923836389280676823e-02 4.868913857677902718e-02 4.143126177024482326e-02
2.004579873795601248e-52 1.196581196581196632e-01 1.129032258064516098e-01 1.093750000000000000e-01 1.185185185185185230e-01 1.088435374149659823e-01 1.153846153846153910e-01 1.176470588235294101e-01 1.098901098901098883e-01 1.134020618556701027e-01 1.100917431192660612e-01 1.074380165289256228e-01 1.033210332103321055e-01 1.093247588424437339e-01 9.418282548476454574e-02 8.256880733944954587e-02 9.611829944547134463e-02 9.141274238227146964e-02 6.801470588235293546e-02 6.654343807763400676e-02
1.398043286095288860e-76 1.512605042016806622e-01 1.428571428571428492e-01 1.526717557251908441e-01 1.459854014598540028e-01 1.466666666666666674e-01 1.509433962264150886e-01 1.502890173410404706e-01 1.505376344086021556e-01 1.515151515151515194e-01 1.441441441441441429e-01 1.382113821138211407e-01 1.376811594202898559e-01 1.392405063291139167e-01 1.304347826086956486e-01 1.171171171171171144e-01 1.197822141560798553e-01 1.141304347826086890e-01 8.844765342960288212e-02 8.348457350272232846e-02
1.290089623395978574e-57 1.652892561983471120e-01 1.718750000000000000e-01 1.804511278195488622e-01 1.857142857142857206e-01 1.830065359477124065e-01 1.851851851851851749e-01 1.818181818181818232e-01 1.798941798941798842e-01 1.782178217821782096e-01 1.769911504424778736e-01 1.752988047808765049e-01 1.708185053380782970e-01 1.739130434782608647e-01 1.546666666666666745e-01 1.415929203539822989e-01 1.461675579322638252e-01 1.415220293724966660e-01 1.117021276595744628e-01 1.042780748663101609e-01
2.898819533661182404e-57 1.951219512195122019e-01 2.137404580152671707e-01 2.074074074074074014e-01 2.112676056338028130e-01 2.064516129032258063e-01 2.073170731707316972e-01 2.122905027932960875e-01 2.083333333333333426e-01 2.048780487804877926e-01 2.086956521739130321e-01 2.039215686274509776e-01 1.958041958041958075e-01 2.012195121951219634e-01 1.784776902887139083e-01 1.739130434782608647e-01 1.681260945709281973e-01 1.627296587926509164e-01 1.411149825783972189e-01 1.252189141856392407e-01
2.627146530943848019e+179 2.240000000000000047e-01 2.406015037593984829e-01 2.463768115942029102e-01 2.482758620689655138e-01 2.405063291139240556e-01 2.395209580838323360e-01 2.417582417582417598e-01 2.448979591836734637e-01 2.392344497607655496e-01 2.393162393162393264e-01 2.239382239382239348e-01 2.199312714776632260e-01 2.102102102102102188e-01 2.010309278350515538e-01 2.008547008547008628e-01 1.824440619621342519e-01 1.752577319587628746e-01 1.609589041095890460e-01 1.471600688468158447e-01
1.086906876642709452e-71 2.519685039370078705e-01 2.666666666666666630e-01 2.714285714285714080e-01 2.721088435374149905e-01 2.732919254658385255e-01 2.705882352941176294e-01 2.702702702702702853e-01 2.713567839195979992e-01 2.641509433962264120e-01 2.521008403361344463e-01 2.500000000000000000e-01 2.364864864864864857e-01 2.241887905604719733e-01 2.278481012658227778e-01 2.226890756302521146e-01 1.962774957698815437e-01 1.926489226869455007e-01 1.784511784511784438e-01 1.641285956006768298e-01
1.796988908388120290e-52 2.790697674418604612e-01 2.919708029197080057e-01 2.957746478873239382e-01 3.066666666666666430e-01 2.944785276073619840e-01 3.005780346820809412e-01 2.978723404255319007e-01 2.970297029702970160e-01 2.870370370370370350e-01 2.727272727272727071e-01 2.611940298507462455e-01 2.591362126245846942e-01 2.376811594202898614e-01 2.493765586034912829e-01 2.438016528925619764e-01 2.196339434276206315e-01 2.144638403990024866e-01 1.920529801324503405e-01 1.747088186356073325e-01
4.582213622342685123e-72 3.053435114503816883e-01 3.165467625899280324e-01 3.310344827586206851e-01 3.289473684210526550e-01 3.253012048192771011e-01 3.295454545454545303e-01 3.246073298429319465e-01 3.203883495145631310e-01 3.090909090909090828e-01 2.926829268292682751e-01 2.930402930402930539e-01 2.745098039215686514e-01 2.628571428571428448e-01 2.647058823529411797e-01 2.560975609756097615e-01 2.356792144026186586e-01 2.328431372549019662e-01 2.068403908794788360e-01 1.906710310965629984e-01
4.667261458679289114e-62 3.308270676691729140e-01 3.521126760563380031e-01 3.537414965986394599e-01 3.612903225806451402e-01 3.550295857988165493e-01 3.575418994413407936e-01 3.402061855670103219e-01 3.349282296650717972e-01 3.228699551569506609e-01 3.200000000000000067e-01 3.032490974729241673e-01 2.893890675241157506e-01 2.808988764044944020e-01 2.939759036144578563e-01 2.720000000000000195e-01 2.576489533011271926e-01 2.436670687575392125e-01 2.275641025641025605e-01 2.012882447665056418e-01
4.083410554211377928e+179 3.555555555555555691e-01 3.750000000000000000e-01 3.758389261744966570e-01 3.821656050955414274e-01 3.742690058479531956e-01 3.756906077348066142e-01 3.553299492385786906e-01 3.490566037735848837e-01 3.524229074889868030e-01 3.149606299212598381e-01 3.262411347517730764e-01 3.037974683544303889e-01 3.038674033149171283e-01 3.040380047505938377e-01 2.874015748031495954e-01 2.757527733755942845e-01 2.589073634204275276e-01 2.381703470031545644e-01 2.179080824088747981e-01
3.060605757268232606e-57 3.913043478260869734e-01 3.835616438356164171e-01 4.078947368421052544e-01 4.124999999999999778e-01 4.022988505747126520e-01 4.021739130434782705e-01 3.800000000000000044e-01 3.796296296296296502e-01 3.739130434782608758e-01 3.333333333333333148e-01 3.496503496503496344e-01 3.177570093457943723e-01 3.269754768392370559e-01 3.130841121495326895e-01 3.023255813953488191e-01 2.776911076443057680e-01 2.640186915887850483e-01 2.515527950310558758e-01 2.285491419656786316e-01
3.699077496385268376e-57 4.142857142857143127e-01 4.054054054054054279e-01 4.155844155844156118e-01 4.320987654320987414e-01 4.204545454545454697e-01 4.278074866310160318e-01 3.940886699507389346e-01 4.018264840182648179e-01 3.846153846153846367e-01 3.511450381679389054e-01 3.655172413793103536e-01 3.312883435582821834e-01 3.431635388739946446e-01 3.317972350230414813e-01 3.129770992366412430e-01 2.949308755760368661e-01 2.738780207134637323e-01 2.629969418960244609e-01 2.434715821812596104e-01
