0.000000000000000000e+00 4.333333333333333481e-01 4.032258064516128782e-01 4.852941176470588203e-01 5.205479452054794232e-01 4.575163398692810302e-01 4.670658682634730718e-01 4.745762711864406902e-01 4.680851063829787329e-01 4.380952380952380931e-01 4.260869565217391131e-01 4.268774703557312034e-01 3.680555555555555802e-01 3.806646525679758253e-01 3.532467532467532534e-01 3.434782608695652328e-01 3.170731707317073211e-01 3.010471204188481797e-01 2.718614718614718595e-01 2.577274706138441562e-01
2.780978628461095925e-314 6.593406593406593574e-02 6.382978723404254817e-02 5.769230769230769551e-02 5.405405405405405705e-02 3.448275862068965469e-02 4.724409448818897572e-02 5.925925925925926152e-02 5.633802816901408578e-02 5.031446540880503415e-02 4.597701149425287293e-02 5.235602094240837667e-02 4.587155963302752548e-02 4.780876494023904300e-02 4.794520547945205213e-02 4.022988505747126381e-02 4.147465437788018516e-02 4.152249134948096665e-02 3.657142857142857417e-02 2.878526194588370765e-02
2.780982486125658653e-314 8.602150537634409289e-02 8.333333333333332871e-02 9.433962264150944077e-02 8.849557522123893682e-02 8.403361344537815802e-02 9.230769230769231282e-02 1.014492753623188470e-01 9.655172413793103314e-02 9.815950920245399003e-02 8.988764044943819975e-02 8.205128205128205121e-02 8.968609865470851539e-02 7.782101167315175205e-02 8.026755852842809569e-02 7.303370786516853730e-02 7.207207207207207145e-02 7.106598984771574090e-02 5.586592178770949380e-02 4.614518851997748833e-02
2.780977774715659911e-314 1.263157894736842146e-01 1.224489795918367319e-01 1.296296296296296224e-01 1.379310344827586188e-01 1.157024793388429784e-01 1.353383458646616466e-01 1.418439716312056842e-01 1.351351351351351426e-01 1.325301204819277212e-01 1.318681318681318715e-01 1.199999999999999956e-01 1.140350877192982393e-01 1.216730038022813681e-01 1.049180327868852458e-01 9.890109890109889668e-02 1.145374449339207068e-01 1.059602649006622516e-01 7.650273224043716014e-02 7.044578976334617271e-02
2.780981331988309968e-314 1.649484536082474195e-01 1.400000000000000133e-01 1.801801801801801717e-01 1.694915254237288060e-01 1.612903225806451568e-01 1.764705882352941291e-01 1.805555555555555525e-01 1.710526315789473728e-01 1.764705882352941291e-01 1.720430107526881858e-01 1.568627450980392135e-01 1.545064377682403567e-01 1.567164179104477695e-01 1.474358974358974395e-01 1.397849462365591267e-01 1.422413793103448343e-01 1.326860841423948278e-01 9.625668449197860577e-02 8.831448572967151578e-02
2.780072678072680081e-314 1.818181818181818232e-01 1.568627450980392135e-01 2.123893805309734484e-01 2.148760330578512456e-01 2.047244094488188948e-01 2.158273381294963933e-01 2.176870748299319647e-01 1.935483870967741882e-01 2.068965517241379282e-01 2.105263157894736725e-01 1.913875598086124397e-01 1.848739495798319421e-01 1.970802919708029288e-01 1.755485893416927901e-01 1.684210526315789436e-01 1.729957805907172963e-01 1.648177496038034928e-01 1.193717277486911060e-01 1.117554032683183984e-01
2.780071160303016057e-314 2.178217821782178210e-01 2.095238095238095288e-01 2.434782608695652273e-01 2.439024390243902385e-01 2.325581395348837177e-01 2.269503546099290725e-01 2.533333333333333548e-01 2.278481012658227778e-01 2.372881355932203451e-01 2.474226804123711432e-01 2.253521126760563431e-01 2.139917695473251003e-01 2.285714285714285643e-01 2.030769230769230715e-01 2.010309278350515538e-01 1.942148760330578428e-01 1.832298136645962860e-01 1.476923076923077061e-01 1.321631388745482805e-01
2.780075144448384121e-314 2.524271844660194164e-01 2.242990654205607448e-01 2.881355932203389925e-01 2.857142857142856984e-01 2.727272727272727071e-01 2.500000000000000000e-01 2.875816993464052063e-01 2.716049382716049232e-01 2.762430939226519500e-01 2.828282828282828176e-01 2.488479262672811110e-01 2.338709677419354704e-01 2.385964912280701677e-01 2.228915662650602370e-01 2.272727272727272652e-01 2.064777327935222728e-01 1.975683890577507595e-01 1.708542713567839100e-01 1.537683358624178098e-01
2.780071761086841400e-314 2.666666666666666630e-01 2.568807339449541427e-01 3.166666666666666519e-01 3.125000000000000000e-01 2.962962962962962798e-01 2.857142857142856984e-01 3.076923076923077094e-01 3.030303030303030387e-01 3.043478260869565410e-01 2.970297029702970160e-01 2.792792792792792578e-01 2.529644268774703386e-01 2.474226804123711432e-01 2.418879056047197607e-01 2.524752475247524774e-01 2.182539682539682557e-01 2.175856929955290731e-01 1.871921182266009787e-01 1.705503222607833436e-01
2.780074322323149441e-314 2.803738317757009102e-01 2.882882882882882858e-01 3.442622950819672067e-01 3.511450381679389054e-01 3.065693430656934448e-01 3.066666666666666430e-01 3.396226415094339424e-01 3.333333333333333148e-01 3.297872340425531679e-01 3.203883495145631310e-01 2.920353982300885054e-01 2.790697674418604612e-01 2.626262626262626521e-01 2.666666666666666630e-01 2.718446601941747476e-01 2.412451361867704314e-01 2.368421052631578816e-01 2.009661835748792202e-01 1.808458920758385935e-01
2.780075808472612132e-314 3.119266055045871733e-01 3.185840707964601726e-01 3.840000000000000080e-01 3.759398496240601295e-01 3.428571428571428603e-01 3.267973856209150374e-01 3.703703703703703498e-01 3.604651162790697416e-01 3.437500000000000000e-01 3.428571428571428603e-01 3.290043290043290214e-01 2.965779467680608183e-01 2.913907284768211814e-01 2.840909090909091161e-01 2.857142857142856984e-01 2.595419847328244156e-01 2.550143266475644599e-01 2.123222748815165872e-01 1.993323795898903072e-01
2.780977837956062579e-314 3.423423423423423428e-01 3.620689655172413812e-01 4.094488188976377896e-01 4.117647058823529216e-01 3.776223776223776030e-01 3.589743589743589758e-01 3.878787878787878785e-01 3.771428571428571686e-01 3.589743589743589758e-01 3.644859813084111999e-01 3.404255319148936088e-01 3.134328358208955390e-01 3.116883116883116811e-01 3.175487465181058289e-01 2.990654205607476412e-01 2.771535580524344677e-01 2.644163150492264691e-01 2.344186046511627930e-01 2.087037903603181921e-01
2.659574468085106318e-03 3.716814159292035624e-01 3.728813559322033955e-01 4.341085271317829397e-01 4.347826086956521618e-01 4.000000000000000222e-01 3.797468354430380000e-01 4.047619047619047672e-01 3.932584269662921517e-01 3.919597989949748507e-01 3.577981651376146988e-01 3.666666666666666408e-01 3.223443223443223649e-01 3.375796178343948850e-01 3.287671232876712146e-01 3.165137614678898981e-01 2.941176470588235392e-01 2.817679558011049745e-01 2.429223744292237364e-01 2.223242994947174922e-01
2.177952345869846211e-314 4.137931034482758563e-01 3.833333333333333592e-01 4.545454545454545303e-01 4.680851063829787329e-01 4.324324324324324564e-01 4.099378881987577605e-01 4.327485380116958824e-01 4.285714285714285476e-01 4.158415841584158223e-01 3.783783783783783994e-01 3.934426229508196649e-01 3.309352517985611475e-01 3.573667711598745855e-01 3.279569892473118142e-01 3.288288288288288563e-01 2.960288808664259808e-01 2.872628726287262957e-01 2.547085201793721776e-01 2.291384754172304805e-01
2.177952345869846211e-314 4.237288135593220151e-01 4.098360655737705027e-01 4.626865671641791078e-01 4.895104895104895326e-01 4.400000000000000022e-01 4.390243902439024404e-01 4.482758620689655249e-01 4.540540540540540793e-01 4.271844660194174526e-01 3.982300884955752296e-01 4.112903225806451846e-01 3.462897526501766965e-01 3.692307692307692513e-01 3.439153439153438963e-01 3.318584070796460339e-01 3.085106382978723416e-01 2.956058588548601818e-01 2.625550660792951296e-01 2.454585733274257942e-01
