0.000000000000000000e+00 4.148148148148148029e-01 4.383561643835616195e-01 4.503311258278145934e-01 4.749999999999999778e-01 4.588235294117646856e-01 4.540540540540540793e-01 4.387755102040816202e-01 4.200913242009132187e-01 4.034334763948497771e-01 3.906250000000000000e-01 3.986013986013985932e-01 3.647798742138364525e-01 3.561643835616438158e-01 3.457943925233644689e-01 3.300589390962672121e-01 3.095975232198142635e-01 2.867215041128084452e-01 2.677042801556420160e-01 2.580140734949178949e-01
1.551774070917354836e-02 5.660377358490566169e-02 5.172413793103448204e-02 5.042016806722689204e-02 4.800000000000000100e-02 4.511278195488721554e-02 4.137931034482758563e-02 5.194805194805195148e-02 4.624277456647398615e-02 4.395604395604395948e-02 4.000000000000000083e-02 4.464285714285714385e-02 4.032258064516128920e-02 4.210526315789473589e-02 4.179104477611940427e-02 3.526448362720403101e-02 3.557312252964427157e-02 3.609022556390977660e-02 3.184079601990049552e-02 2.502502502502502654e-02
1.497008160629975833e-02 9.259259259259258745e-02 8.474576271186440302e-02 8.264462809917355601e-02 7.874015748031495954e-02 8.823529411764706454e-02 8.108108108108108558e-02 8.917197452229298771e-02 7.954545454545454419e-02 8.602150537634409289e-02 7.843137254901960675e-02 7.894736842105262720e-02 7.905138339920948776e-02 7.560137457044673048e-02 7.602339181286549286e-02 6.419753086419753563e-02 6.201550387596899139e-02 6.194690265486725578e-02 4.878048780487805047e-02 4.219823356231599404e-02
1.182797257486736982e-02 1.272727272727272596e-01 1.166666666666666685e-01 1.138211382113821085e-01 1.230769230769230838e-01 1.159420289855072478e-01 1.192052980132450313e-01 1.250000000000000000e-01 1.117318435754189876e-01 1.164021164021163957e-01 1.153846153846153910e-01 1.115879828326180323e-01 1.085271317829457349e-01 1.144781144781144844e-01 9.770114942528736190e-02 8.716707021791766929e-02 9.885931558935361074e-02 9.261939218523877748e-02 6.698564593301435666e-02 6.737247353224254387e-02
3.623629901519610091e-02 1.607142857142857262e-01 1.475409836065573743e-01 1.587301587301587213e-01 1.515151515151515194e-01 1.560283687943262443e-01 1.558441558441558406e-01 1.595092024539877251e-01 1.530054644808743203e-01 1.554404145077720178e-01 1.509433962264150886e-01 1.434599156118143426e-01 1.444866920152091117e-01 1.456953642384105907e-01 1.352112676056337892e-01 1.235154394299287361e-01 1.231343283582089498e-01 1.163120567375886538e-01 8.638497652582159680e-02 8.498583569405099292e-02
6.897369727470882561e-02 1.754385964912280604e-01 1.774193548387096864e-01 1.875000000000000000e-01 1.925925925925925930e-01 1.944444444444444475e-01 1.910828025477707137e-01 1.927710843373494076e-01 1.827956989247311870e-01 1.827411167512690282e-01 1.851851851851851749e-01 1.818181818181818232e-01 1.791044776119402882e-01 1.818181818181818232e-01 1.602209944751381288e-01 1.491841491841491840e-01 1.501831501831501769e-01 1.448467966573816212e-01 1.105990783410138317e-01 1.056533827618165028e-01
9.063043014994623392e-02 2.068965517241379282e-01 2.204724409448818867e-01 2.153846153846153966e-01 2.189781021897810320e-01 2.191780821917808098e-01 2.138364779874213917e-01 2.248520710059171701e-01 2.116402116402116285e-01 2.099999999999999922e-01 2.181818181818181712e-01 2.113821138211382233e-01 2.051282051282051211e-01 2.101910828025477795e-01 1.847826086956521618e-01 1.830663615560640667e-01 1.726618705035971313e-01 1.668946648426812562e-01 1.393665158371040769e-01 1.264786169244767888e-01
4.663095983936097477e-01 2.372881355932203451e-01 2.480620155038759655e-01 2.556390977443608881e-01 2.571428571428571175e-01 2.550335570469798863e-01 2.469135802469135665e-01 2.558139534883721034e-01 2.487046632124352286e-01 2.450980392156862642e-01 2.500000000000000000e-01 2.320000000000000118e-01 2.302158273381295084e-01 2.194357366771159945e-01 2.026666666666666616e-01 2.067415730337078539e-01 1.872791519434628960e-01 1.798657718120805493e-01 1.600000000000000033e-01 1.465594280607685485e-01
4.219923544023424511e-01 2.500000000000000000e-01 2.748091603053435250e-01 2.814814814814814992e-01 2.816901408450704358e-01 2.894736842105263275e-01 2.787878787878788067e-01 2.857142857142856984e-01 2.755102040816326259e-01 2.705314009661835550e-01 2.631578947368420907e-01 2.588235294117647300e-01 2.473498233215547792e-01 2.276923076923076938e-01 2.303664921465968518e-01 2.295805739514348853e-01 2.013888888888888951e-01 1.978891820580474803e-01 1.764192139737991161e-01 1.641791044776119424e-01
1.181473768054561946e+00 2.786885245901639108e-01 3.007518796992481036e-01 3.065693430656934448e-01 3.172413793103448509e-01 2.987012987012986898e-01 2.976190476190476164e-01 3.146067415730336991e-01 3.015075376884421843e-01 2.938388625592416870e-01 2.844827586206896686e-01 2.702702702702702853e-01 2.708333333333333148e-01 2.416918429003021285e-01 2.525773195876288568e-01 2.516268980477223693e-01 2.252559726962457265e-01 2.204928664072632882e-01 1.905579399141630881e-01 1.734253666954271023e-01
1.896971959567852029e+00 3.064516129032258118e-01 3.259259259259259522e-01 3.428571428571428603e-01 3.401360544217686965e-01 3.312101910828025297e-01 3.274853801169590461e-01 3.425414364640884113e-01 3.251231527093595974e-01 3.069767441860465351e-01 3.050847457627118842e-01 3.030303030303030387e-01 2.866894197952218337e-01 2.678571428571428492e-01 2.683544303797468222e-01 2.643923240938166330e-01 2.416107382550335692e-01 2.394904458598726138e-01 2.025316455696202500e-01 1.899915182357930499e-01
1.724289103985950439e-321 3.333333333333333148e-01 3.623188405797101441e-01 3.661971830985915610e-01 3.733333333333333504e-01 3.624999999999999889e-01 3.563218390804597790e-01 3.586956521739130266e-01 3.398058252427184622e-01 3.211009174311926784e-01 3.333333333333333148e-01 3.134328358208955390e-01 3.020134228187919545e-01 2.865497076023391654e-01 2.985074626865671377e-01 2.809224318658281039e-01 2.607260726072607171e-01 2.506265664160400863e-01 2.240663900414937848e-01 2.001668056713928334e-01
1.408087090647552651e-321 3.593750000000000000e-01 3.857142857142857317e-01 3.888888888888888951e-01 3.947368421052631637e-01 3.827160493827160281e-01 3.750000000000000000e-01 3.743315508021390348e-01 3.540669856459330300e-01 3.513513513513513709e-01 3.278688524590163689e-01 3.369963369963370203e-01 3.168316831683168355e-01 3.103448275862069061e-01 3.088235294117647189e-01 2.969072164948453607e-01 2.792207792207792028e-01 2.663378545006165332e-01 2.318367346938775553e-01 2.173913043478260809e-01
4.545403941739468206e-322 3.969465648854961781e-01 3.943661971830985657e-01 4.217687074829932214e-01 4.258064516129032029e-01 4.121212121212121104e-01 4.022346368715083997e-01 4.000000000000000222e-01 3.849765258215962493e-01 3.733333333333333504e-01 3.467741935483871218e-01 3.610108303249097705e-01 3.311688311688311681e-01 3.342776203966005832e-01 3.132530120481927804e-01 3.123732251521298409e-01 2.811501597444089340e-01 2.715151515151515427e-01 2.457831325301204906e-01 2.284100080710250169e-01
4.298371118818844934e-322 4.060150375939849399e-01 4.166666666666666852e-01 4.295302013422818699e-01 4.458598726114649802e-01 4.311377245508982159e-01 4.285714285714285476e-01 4.145077720207253624e-01 4.074074074074073848e-01 3.842794759825327588e-01 3.650793650793650591e-01 3.772241992882562345e-01 3.450479233226836917e-01 3.454038997214484707e-01 3.325415676959619926e-01 3.153692614770459146e-01 2.987421383647798634e-01 2.792362768496420289e-01 2.577075098814229359e-01 2.438443208895949288e-01
