0.000000000000000000e+00 3.454545454545454586e-01 3.652173913043478271e-01 4.677419354838709409e-01 5.230769230769231060e-01 4.172661870503597270e-01 4.736842105263157632e-01 4.727272727272727182e-01 4.632768361581920957e-01 4.421052631578947234e-01 4.549763033175355242e-01 4.510638297872340274e-01 3.969465648854961781e-01 3.934426229508196649e-01 3.636363636363636465e-01 3.627684964200477147e-01 3.187855787476280844e-01 3.153409090909091161e-01 2.730696798493408850e-01 2.605400284225485308e-01
1.744166093171285115e-76 4.938271604938271331e-02 4.705882352941176405e-02 4.347826086956521618e-02 6.315789473684210731e-02 1.960784313725490169e-02 3.571428571428571230e-02 6.504065040650407192e-02 6.106870229007633349e-02 5.755395683453237710e-02 5.161290322580645157e-02 5.780346820809248443e-02 5.208333333333333565e-02 5.333333333333333676e-02 4.633204633204632966e-02 4.560260586319218185e-02 4.651162790697674354e-02 4.247104247104246944e-02 3.836317135549872220e-02 2.965828497743391509e-02
4.086578875826273508e+179 7.228915662650602092e-02 6.896551724137930939e-02 8.510638297872340219e-02 1.030927835051546337e-01 7.619047619047619735e-02 8.695652173913043237e-02 1.111111111111111049e-01 1.044776119402985037e-01 1.118881118881118880e-01 1.006289308176100683e-01 9.039548022598870025e-02 1.015228426395939076e-01 8.658008658008657654e-02 8.270676691729322849e-02 8.253968253968253788e-02 8.060453400503778121e-02 7.156308851224105205e-02 5.735660847880299368e-02 4.776869893148962681e-02
3.061235351429139525e-57 1.176470588235294101e-01 1.123595505617977497e-01 1.250000000000000000e-01 1.600000000000000033e-01 9.345794392523364136e-02 1.355932203389830504e-01 1.550387596899224785e-01 1.459854014598540028e-01 1.506849315068493067e-01 1.472392638036809920e-01 1.318681318681318715e-01 1.287128712871287162e-01 1.265822784810126667e-01 1.102941176470588203e-01 1.114551083591331232e-01 1.179361179361179401e-01 1.102941176470588203e-01 8.029197080291970712e-02 7.234825260576333017e-02
6.228967631297397139e-38 1.379310344827586188e-01 1.098901098901098883e-01 1.616161616161616299e-01 1.960784313725490169e-01 1.454545454545454475e-01 1.818181818181818232e-01 1.969696969696969613e-01 1.843971631205673645e-01 1.866666666666666752e-01 1.916167664670658799e-01 1.720430107526881858e-01 1.739130434782608647e-01 1.652892561983471120e-01 1.577060931899641472e-01 1.570996978851963710e-01 1.438848920863309289e-01 1.397849462365591267e-01 9.976247030878859778e-02 9.216038300418910589e-02
1.356537382787364616e-153 1.573033707865168496e-01 1.290322580645161255e-01 1.782178217821782096e-01 2.285714285714285643e-01 1.946902654867256610e-01 2.258064516129032195e-01 2.370370370370370461e-01 2.083333333333333426e-01 2.207792207792207695e-01 2.339181286549707472e-01 2.094240837696335067e-01 2.075471698113207641e-01 2.096774193548387177e-01 1.888111888111888015e-01 1.828908554572271361e-01 1.733021077283372346e-01 1.716287215411558542e-01 1.252900232018561433e-01 1.168907071887784893e-01
2.110612941250385883e-52 1.978021978021977934e-01 1.666666666666666574e-01 2.135922330097087263e-01 2.616822429906541791e-01 2.086956521739130321e-01 2.380952380952380820e-01 2.753623188405797118e-01 2.448979591836734637e-01 2.547770700636942665e-01 2.742857142857142994e-01 2.461538461538461675e-01 2.396313364055299433e-01 2.440944881889763884e-01 2.191780821917808098e-01 2.132564841498559016e-01 1.967963386727688835e-01 1.883561643835616473e-01 1.519274376417233674e-01 1.382067390062821366e-01
6.759477056140360909e-67 2.150537634408602183e-01 1.836734693877551117e-01 2.641509433962264120e-01 2.909090909090908950e-01 2.542372881355932090e-01 2.635658914728682412e-01 2.978723404255319007e-01 2.913907284768211814e-01 2.981366459627329268e-01 3.128491620111731875e-01 2.713567839195979992e-01 2.612612612612612573e-01 2.548262548262548166e-01 2.408026755852842871e-01 2.366197183098591450e-01 2.102908277404921811e-01 2.040133779264214076e-01 1.773835920177383729e-01 1.619207146845337841e-01
3.933246377829813865e-62 2.315789473684210509e-01 2.200000000000000011e-01 2.962962962962962798e-01 3.035714285714285476e-01 2.809917355371900904e-01 3.030303030303030387e-01 3.194444444444444198e-01 3.116883116883116811e-01 3.292682926829268442e-01 3.278688524590163689e-01 3.039215686274509554e-01 2.819383259911894535e-01 2.641509433962264120e-01 2.614379084967320410e-01 2.644628099173553792e-01 2.188183807439824935e-01 2.258592471358428777e-01 1.952277657266811295e-01 1.802293828509011486e-01
4.667261458395856108e-62 2.268041237113402053e-01 2.352941176470588203e-01 3.272727272727272707e-01 3.478260869565217295e-01 2.926829268292682751e-01 3.259259259259259522e-01 3.537414965986394599e-01 3.439490445859872403e-01 3.571428571428571508e-01 3.529411764705882582e-01 3.173076923076922906e-01 3.103448275862069061e-01 2.804428044280442567e-01 2.884615384615384359e-01 2.857142857142856984e-01 2.398286937901498994e-01 2.467948717948718063e-01 2.059447983014862094e-01 1.902725815072154048e-01
1.269318333611799692e-76 2.424242424242424310e-01 2.692307692307692180e-01 3.539823008849557473e-01 3.760683760683760646e-01 3.333333333333333148e-01 3.478260869565217295e-01 3.866666666666666585e-01 3.726708074534161308e-01 3.720930232558139483e-01 3.769633507853403231e-01 3.568075117370891891e-01 3.291139240506328889e-01 3.115942028985507206e-01 3.009404388714733702e-01 3.007915567282322122e-01 2.599580712788259751e-01 2.664576802507837017e-01 2.182952182952183073e-01 2.051282051282051211e-01
2.630604494790378966e-52 2.574257425742574323e-01 3.177570093457943723e-01 3.826086956521739246e-01 4.166666666666666852e-01 3.720930232558139483e-01 3.829787234042553168e-01 4.052287581699346442e-01 3.902439024390244038e-01 3.885714285714285676e-01 4.000000000000000222e-01 3.594470046082949288e-01 3.471074380165289353e-01 3.333333333333333148e-01 3.251533742331288446e-01 3.152454780361756970e-01 2.751540041067762066e-01 2.764976958525345863e-01 2.403258655804480781e-01 2.132239876986160854e-01
1.586609739822119110e-47 2.912621359223300788e-01 3.302752293577981835e-01 4.102564102564102422e-01 4.426229508196721230e-01 3.816793893129771242e-01 3.916083916083916150e-01 4.230769230769230727e-01 4.071856287425149601e-01 4.245810055865921750e-01 3.919597989949748507e-01 3.873873873873873719e-01 3.481781376518218729e-01 3.541666666666666852e-01 3.373493975903614217e-01 3.341772151898734222e-01 2.937625754527162791e-01 2.951807228915662717e-01 2.495009980039920028e-01 2.260170768458061308e-01
3.443585438695466133e-86 3.396226415094339424e-01 3.423423423423423428e-01 4.333333333333333481e-01 4.799999999999999822e-01 4.029850746268656692e-01 4.246575342465753189e-01 4.402515723270440384e-01 4.327485380116958824e-01 4.505494505494505586e-01 4.039408866995073955e-01 4.159292035398229892e-01 3.571428571428571508e-01 3.686006825938566434e-01 3.362831858407079877e-01 3.473945409429280429e-01 2.958579881656804855e-01 3.008849557522124130e-01 2.583170254403130972e-01 2.323978335795174877e-01
2.421385327121288738e-52 3.333333333333333148e-01 3.716814159292035624e-01 4.426229508196721230e-01 5.039370078740157410e-01 4.117647058823529216e-01 4.563758389261745041e-01 4.567901234567900981e-01 4.597701149425287293e-01 4.408602150537634379e-01 4.251207729468599039e-01 4.347826086956521618e-01 3.735408560311284099e-01 3.812709030100334684e-01 3.536231884057970953e-01 3.503649635036496512e-01 3.094777562862669473e-01 3.096960926193921826e-01 2.667946257197696958e-01 2.481892805408015545e-01
