0.000000000000000000e+00 1.917808219178082085e-01 1.408450704225352179e-01 2.025316455696202500e-01 3.409090909090908839e-01 1.860465116279069742e-01 2.448979591836734637e-01 1.904761904761904656e-01 2.162162162162162282e-01 1.680672268907563160e-01 3.529411764705882582e-01 2.328767123287671104e-01 3.837209302325581550e-01 3.005181347150259197e-01 2.831858407079645978e-01 4.117647058823529216e-01 3.630952380952380820e-01 3.176733780760626624e-01 2.635431918008784846e-01 2.233804914370811634e-01
5.636773733085243010e-62 9.090909090909091161e-02 0.000000000000000000e+00 4.255319148936170109e-02 3.773584905660377214e-02 0.000000000000000000e+00 3.448275862068965469e-02 0.000000000000000000e+00 0.000000000000000000e+00 2.941176470588235253e-02 7.499999999999999722e-02 2.380952380952380820e-02 3.921568627450980338e-02 5.309734513274336209e-02 1.503759398496240518e-02 5.000000000000000278e-02 6.122448979591836593e-02 6.130268199233716159e-02 5.955334987593052104e-02 3.575989782886334484e-02
4.088470953472578593e+179 8.695652173913043237e-02 4.651162790697674354e-02 4.081632653061224164e-02 7.272727272727272374e-02 0.000000000000000000e+00 3.278688524590164105e-02 0.000000000000000000e+00 0.000000000000000000e+00 2.777777777777777624e-02 1.428571428571428492e-01 6.818181818181817677e-02 9.345794392523364136e-02 6.722689075630251809e-02 5.714285714285714107e-02 1.071428571428571369e-01 1.067961165048543631e-01 1.021897810218978103e-01 8.983451536643026480e-02 6.318347509113000915e-02
1.831210329353788619e-76 8.333333333333332871e-02 4.444444444444444614e-02 3.921568627450980338e-02 1.379310344827586188e-01 0.000000000000000000e+00 6.250000000000000000e-02 2.898550724637681195e-02 0.000000000000000000e+00 2.666666666666666838e-02 1.590909090909090884e-01 1.075268817204301092e-01 1.250000000000000000e-01 1.280000000000000027e-01 9.589041095890410427e-02 1.590909090909090884e-01 1.481481481481481399e-01 1.533101045296167142e-01 1.083521444695259572e-01 8.342989571263036142e-02
1.398043286095288860e-76 8.000000000000000167e-02 4.255319148936170109e-02 3.703703703703703498e-02 1.333333333333333315e-01 3.508771929824561209e-02 1.194029850746268634e-01 8.333333333333332871e-02 0.000000000000000000e+00 2.531645569620253125e-02 1.956521739130434867e-01 1.237113402061855716e-01 1.709401709401709435e-01 1.692307692307692402e-01 1.568627450980392135e-01 2.282608695652173780e-01 1.946902654867256610e-01 1.926910299003322391e-01 1.295896328293736632e-01 1.085271317829457349e-01
1.356537382682696378e-153 7.692307692307692735e-02 8.163265306122448328e-02 3.571428571428571230e-02 1.269841269841269771e-01 6.666666666666666574e-02 1.142857142857142821e-01 1.066666666666666735e-01 2.564102564102564014e-02 7.228915662650602092e-02 2.291666666666666574e-01 1.176470588235294101e-01 2.295081967213114804e-01 1.764705882352941291e-01 2.124999999999999944e-01 2.604166666666666852e-01 2.288135593220338992e-01 2.420382165605095559e-01 1.490683229813664634e-01 1.314952279957582182e-01
5.885531716252042098e-62 1.481481481481481399e-01 7.692307692307692735e-02 3.448275862068965469e-02 1.538461538461538547e-01 9.677419354838709409e-02 1.388888888888888951e-01 1.025641025641025605e-01 7.407407407407406996e-02 6.976744186046511531e-02 2.600000000000000089e-01 1.320754716981132060e-01 2.677165354330708902e-01 2.112676056338028130e-01 2.168674698795180766e-01 2.899999999999999800e-01 2.601626016260162877e-01 2.507645259938837690e-01 1.630218687872763417e-01 1.505595116988809878e-01
1.256697425105804994e-71 1.785714285714285754e-01 7.407407407407406996e-02 9.836065573770491621e-02 1.764705882352941291e-01 1.230769230769230838e-01 1.333333333333333315e-01 9.876543209876542662e-02 1.176470588235294101e-01 1.333333333333333315e-01 2.884615384615384359e-01 1.272727272727272596e-01 2.727272727272727071e-01 2.312925170068027281e-01 2.196531791907514464e-01 3.173076923076922906e-01 2.812500000000000000e-01 2.580645161290322509e-01 1.873804971319311674e-01 1.681329423264907030e-01
8.969062220246999291e-67 1.724137931034482873e-01 1.071428571428571369e-01 9.523809523809523281e-02 2.000000000000000111e-01 1.176470588235294101e-01 1.538461538461538547e-01 1.428571428571428492e-01 1.363636363636363535e-01 1.290322580645161255e-01 2.777777777777777901e-01 1.565217391304347949e-01 3.065693430656934448e-01 2.483660130718954306e-01 2.333333333333333370e-01 3.425925925925926152e-01 2.932330827067669010e-01 2.655367231638418035e-01 2.025782688766114281e-01 1.749764816556914349e-01
2.177329183025988962e-76 1.666666666666666574e-01 1.034482758620689641e-01 9.230769230769231282e-02 2.465753424657534110e-01 1.142857142857142821e-01 1.728395061728394966e-01 1.609195402298850552e-01 1.538461538461538547e-01 1.443298969072164817e-01 2.678571428571428492e-01 1.680672268907563160e-01 3.098591549295774406e-01 2.515723270440251569e-01 2.473118279569892497e-01 3.571428571428571508e-01 3.115942028985507206e-01 2.833787465940054706e-01 2.060390763765541644e-01 1.795104261106074406e-01
1.269317005511662934e-76 1.612903225806451568e-01 1.000000000000000056e-01 1.176470588235294101e-01 2.399999999999999911e-01 1.369863013698630061e-01 2.142857142857142738e-01 1.777777777777777846e-01 1.684210526315789436e-01 1.386138613861386260e-01 2.758620689655172376e-01 1.774193548387096864e-01 3.129251700680272252e-01 2.560975609756097615e-01 2.487046632124352286e-01 3.706896551724138122e-01 3.356643356643356779e-01 3.097112860892388686e-01 2.229845626072041176e-01 1.907261592300962261e-01
7.489721290928366815e-67 1.562500000000000000e-01 9.523809523809523281e-02 1.142857142857142821e-01 2.564102564102563875e-01 1.578947368421052544e-01 2.068965517241379282e-01 1.935483870967741882e-01 1.632653061224489666e-01 1.538461538461538547e-01 2.999999999999999889e-01 1.718750000000000000e-01 3.157894736842105088e-01 2.588235294117647300e-01 2.600000000000000089e-01 3.833333333333333592e-01 3.445945945945945721e-01 3.045685279187817507e-01 2.388059701492537268e-01 1.927303465765004276e-01
2.319016439638816732e-52 1.515151515151515194e-01 9.230769230769231282e-02 1.666666666666666574e-01 2.500000000000000000e-01 1.794871794871794879e-01 2.022471910112359494e-01 1.875000000000000000e-01 1.782178217821782096e-01 1.481481481481481399e-01 2.903225806451613100e-01 1.954887218045112673e-01 3.184713375796178192e-01 2.613636363636363535e-01 2.621359223300970820e-01 3.870967741935483764e-01 3.529411764705882582e-01 3.292383292383292415e-01 2.471910112359550493e-01 2.011447260834014761e-01
4.247894380233257890e-86 1.739130434782608647e-01 1.194029850746268634e-01 1.600000000000000033e-01 3.132530120481927804e-01 1.728395061728394966e-01 1.956521739130434867e-01 1.818181818181818232e-01 1.904761904761904656e-01 1.801801801801801717e-01 3.125000000000000000e-01 2.189781021897810320e-01 3.333333333333333148e-01 2.762430939226519500e-01 2.535211267605633756e-01 3.984375000000000000e-01 3.417721518987341667e-01 3.230403800475059595e-01 2.488335925349922373e-01 2.011084718923198678e-01
1.398043286095288860e-76 1.690140845070422504e-01 1.449275362318840632e-01 1.558441558441558406e-01 3.294117647058823484e-01 1.927710843373494076e-01 2.105263157894736725e-01 1.960784313725490169e-01 2.037037037037036924e-01 1.739130434782608647e-01 3.181818181818181768e-01 2.127659574468085124e-01 3.473053892215569038e-01 2.887700534759358173e-01 2.739726027397260122e-01 4.015151515151514916e-01 3.558282208588957052e-01 3.225806451612903136e-01 2.564102564102563875e-01 2.133537989255564205e-01
