0.000000000000000000e+00 4.122137404580152875e-01 4.397163120567376127e-01 4.625850340136054561e-01 4.871794871794871695e-01 4.606060606060606299e-01 4.494382022471909988e-01 4.598930481283422522e-01 4.306220095693780170e-01 4.052863436123347873e-01 3.920000000000000151e-01 4.100719424460431695e-01 3.559870550161812197e-01 3.579545454545454697e-01 3.501199040767385973e-01 3.346774193548386900e-01 3.074433656957928918e-01 2.881355932203389925e-01 2.689210950080515028e-01 2.588996763754045083e-01
3.067484662576687188e-03 5.882352941176470507e-02 5.405405405405405705e-02 5.217391304347825803e-02 4.958677685950413361e-02 4.687500000000000000e-02 4.347826086956521618e-02 5.517241379310344751e-02 4.907975460122699501e-02 4.545454545454545581e-02 4.123711340206185488e-02 4.629629629629629373e-02 4.184100418410041655e-02 4.411764705882353227e-02 4.320987654320987414e-02 3.645833333333333565e-02 3.765690376569037767e-02 3.749999999999999861e-02 3.326403326403326588e-02 2.615062761506276034e-02
3.067484662576687188e-03 7.692307692307692735e-02 8.849557522123893682e-02 8.547008547008547175e-02 8.130081300813007950e-02 9.160305343511450371e-02 8.510638297872340219e-02 9.459459459459459985e-02 8.433734939759035543e-02 8.888888888888889228e-02 8.080808080808081495e-02 8.181818181818181768e-02 8.196721311475409222e-02 7.194244604316546443e-02 7.854984894259818551e-02 6.632653061224490221e-02 6.557377049180328210e-02 6.431852986217458101e-02 5.091649694501018675e-02 4.303278688524590084e-02
3.067484662576687188e-03 1.132075471698113234e-01 1.217391304347826136e-01 1.176470588235294101e-01 1.269841269841269771e-01 1.203007518796992414e-01 1.250000000000000000e-01 1.324503311258278249e-01 1.183431952662721831e-01 1.202185792349726723e-01 1.188118811881188064e-01 1.155555555555555503e-01 1.124497991967871452e-01 1.126760563380281716e-01 1.008902077151335314e-01 8.999999999999999667e-02 1.044176706827309176e-01 9.609609609609609526e-02 6.986027944111776466e-02 6.827309236947791404e-02
3.067484662576687188e-03 1.481481481481481399e-01 1.538461538461538547e-01 1.639344262295081844e-01 1.562500000000000000e-01 1.617647058823529493e-01 1.632653061224489666e-01 1.688311688311688319e-01 1.502890173410404706e-01 1.604278074866310189e-01 1.553398058252427050e-01 1.484716157205240306e-01 1.496062992125984370e-01 1.453287197231833972e-01 1.395348837209302306e-01 1.274509803921568540e-01 1.299212598425196763e-01 1.205882352941176489e-01 9.001956947162426115e-02 8.661417322834645549e-02
3.067484662576687188e-03 1.636363636363636354e-01 1.848739495798319421e-01 1.935483870967741882e-01 1.984732824427480891e-01 2.014388489208633060e-01 2.000000000000000111e-01 2.038216560509554243e-01 1.818181818181818232e-01 1.884816753926701616e-01 1.904761904761904656e-01 1.880341880341880323e-01 1.776061776061776121e-01 1.830508474576271194e-01 1.652421652421652287e-01 1.538461538461538547e-01 1.583011583011582901e-01 1.500721500721500790e-01 1.132437619961612352e-01 1.081081081081081141e-01
3.067484662576687188e-03 1.964285714285714246e-01 2.295081967213114804e-01 2.222222222222222099e-01 2.255639097744360777e-01 2.269503546099290725e-01 2.105263157894736725e-01 2.374999999999999889e-01 2.122905027932960875e-01 2.164948453608247503e-01 2.242990654205607448e-01 2.184873949579831942e-01 2.045454545454545581e-01 2.126245847176079784e-01 1.904761904761904656e-01 1.886792452830188815e-01 1.818181818181818232e-01 1.699716713881019858e-01 1.431261770244821041e-01 1.278409090909090884e-01
3.067484662576687188e-03 2.280701754385964786e-01 2.580645161290322509e-01 2.635658914728682412e-01 2.647058823529411797e-01 2.638888888888888951e-01 2.451612903225806328e-01 2.699386503067484622e-01 2.513661202185792365e-01 2.525252525252525415e-01 2.568807339449541427e-01 2.396694214876033124e-01 2.230483271375464649e-01 2.222222222222222099e-01 2.087912087912087988e-01 2.129629629629629650e-01 1.933085501858736177e-01 1.833333333333333204e-01 1.645101663585951945e-01 1.486988847583643192e-01
3.067484662576687188e-03 2.413793103448275967e-01 2.857142857142856984e-01 2.900763358778625789e-01 2.898550724637681264e-01 2.993197278911564618e-01 2.784810126582278333e-01 3.012048192771084598e-01 2.795698924731182533e-01 2.786069651741293618e-01 2.702702702702702853e-01 2.672064777327935459e-01 2.408759124087591352e-01 2.307692307692307820e-01 2.318059299191374545e-01 2.363636363636363591e-01 2.080291970802919665e-01 2.019099590723056059e-01 1.796733212341197761e-01 1.651459854014598605e-01
3.067484662576687188e-03 2.711864406779661008e-01 3.125000000000000000e-01 3.157894736842105088e-01 3.262411347517730764e-01 3.087248322147650992e-01 2.981366459627329268e-01 3.313609467455621571e-01 3.068783068783068613e-01 3.024390243902438935e-01 2.920353982300885054e-01 2.788844621513943967e-01 2.652329749103942702e-01 2.452830188679245293e-01 2.546419098143236082e-01 2.589285714285714524e-01 2.329749103942652388e-01 2.225201072386059076e-01 1.942959001782531281e-01 1.747311827956989361e-01
3.067484662576687188e-03 2.999999999999999889e-01 3.384615384615384803e-01 3.529411764705882582e-01 3.496503496503496344e-01 3.421052631578947456e-01 3.170731707317073211e-01 3.604651162790697416e-01 3.316062176165803232e-01 3.157894736842105088e-01 3.130434782608695898e-01 3.125000000000000000e-01 2.816901408450704358e-01 2.724458204334365141e-01 2.708333333333333148e-01 2.719298245614035214e-01 2.500000000000000000e-01 2.421052631578947401e-01 2.049036777583187474e-01 1.919014084507042195e-01
3.067484662576687188e-03 3.278688524590163689e-01 3.759398496240601295e-01 3.768115942028985588e-01 3.835616438356164171e-01 3.741935483870967860e-01 3.473053892215569038e-01 3.771428571428571686e-01 3.469387755102040782e-01 3.301886792452830011e-01 3.333333333333333148e-01 3.230769230769230949e-01 2.975778546712802841e-01 2.917933130699087996e-01 3.017902813299232490e-01 2.844827586206896686e-01 2.664359861591695244e-01 2.509702457956015653e-01 2.254733218588640398e-01 2.015570934256055435e-01
3.067484662576687188e-03 3.548387096774193727e-01 4.000000000000000222e-01 4.000000000000000222e-01 4.054054054054054279e-01 3.949044585987261380e-01 3.668639053254437732e-01 3.932584269662921517e-01 3.618090452261306655e-01 3.611111111111111049e-01 3.277310924369747913e-01 3.471698113207546954e-01 3.061224489795918435e-01 3.164179104477611859e-01 3.123425692695214195e-01 3.008474576271186196e-01 2.823129251700680076e-01 2.671755725190839703e-01 2.335025380710659959e-01 2.176870748299319647e-01
3.067484662576687188e-03 3.937007874015748254e-01 4.087591240875912413e-01 4.335664335664335400e-01 4.370860927152317998e-01 4.249999999999999889e-01 3.953488372093023062e-01 4.198895027624309217e-01 3.940886699507389346e-01 3.835616438356164171e-01 3.471074380165289353e-01 3.717472118959107563e-01 3.210702341137123828e-01 3.352941176470587981e-01 3.168316831683168355e-01 3.166666666666666519e-01 2.842809364548494755e-01 2.725000000000000200e-01 2.479201331114808671e-01 2.282608695652173780e-01
3.067484662576687188e-03 4.031007751937984440e-01 4.316546762589927866e-01 4.413793103448275801e-01 4.575163398692810302e-01 4.444444444444444198e-01 4.228571428571428759e-01 4.347826086956521618e-01 4.174757281553397870e-01 3.946188340807174622e-01 3.658536585365853577e-01 3.882783882783882867e-01 3.355263157894736725e-01 3.468208092485549066e-01 3.365853658536585580e-01 3.196721311475410054e-01 2.960526315789473450e-01 2.804428044280442567e-01 2.585924713584288326e-01 2.442434210526315819e-01
