0.000000000000000000e+00 4.078947368421052544e-01 4.050632911392405000e-01 4.071856287425149601e-01 4.269662921348314488e-01 4.123711340206185350e-01 4.154589371980676460e-01 4.000000000000000222e-01 3.949579831932772955e-01 3.726235741444867133e-01 3.448275862068965747e-01 3.750000000000000000e-01 3.351955307262569628e-01 3.292978208232445470e-01 3.305439330543932797e-01 3.114186851211072637e-01 2.987551867219916946e-01 2.752867570385818530e-01 2.704576976421636525e-01 2.566956521739130470e-01
3.754898908393473736e-322 4.878048780487805047e-02 4.687500000000000000e-02 4.444444444444444614e-02 4.195804195804195974e-02 3.821656050955413858e-02 3.592814371257484901e-02 4.494382022471909988e-02 4.166666666666666435e-02 3.773584905660377214e-02 3.418803418803419147e-02 3.875968992248061962e-02 3.472222222222222376e-02 3.603603603603603572e-02 3.636363636363636187e-02 3.433476394849785396e-02 3.430531732418524993e-02 3.363518758085381338e-02 3.098106712564543952e-02 2.505399568034557406e-02
3.162020133383977883e-322 8.000000000000000167e-02 7.692307692307692735e-02 7.299270072992700142e-02 6.896551724137930939e-02 7.499999999999999722e-02 7.058823529411764608e-02 7.734806629834253822e-02 7.179487179487178961e-02 7.407407407407406996e-02 6.722689075630251809e-02 6.870229007633588125e-02 6.825938566552901265e-02 6.489675516224188700e-02 6.632653061224490221e-02 5.907172995780590741e-02 5.733558178752107964e-02 5.597964376590330859e-02 4.737732656514382495e-02 4.161358811040339473e-02
2.470328229206232721e-322 1.102362204724409434e-01 1.060606060606060635e-01 1.007194244604316530e-01 1.081081081081081141e-01 9.876543209876542662e-02 1.040462427745664775e-01 1.086956521739130405e-01 1.010101010101010083e-01 1.004566210045662045e-01 9.917355371900826722e-02 1.048689138576779090e-01 9.395973154362416424e-02 9.855072463768116409e-02 8.542713567839195499e-02 7.883817427385891863e-02 8.955223880597014408e-02 8.510638297872340219e-02 6.655574043261230921e-02 6.513569937369520502e-02
2.124482277117360140e-322 1.395348837209302306e-01 1.343283582089552231e-01 1.408450704225352179e-01 1.333333333333333315e-01 1.333333333333333315e-01 1.363636363636363535e-01 1.390374331550802145e-01 1.386138613861386260e-01 1.345291479820627800e-01 1.300813008130081438e-01 1.328413284132841377e-01 1.254125412541254037e-01 1.257142857142857229e-01 1.185185185185185230e-01 1.102040816326530642e-01 1.109298531810766764e-01 1.057810578105781024e-01 8.510638297872340219e-02 8.295687885010266660e-02
2.065194399616410555e-321 1.679389312977099258e-01 1.617647058823529493e-01 1.666666666666666574e-01 1.699346405228758239e-01 1.666666666666666574e-01 1.675977653631284814e-01 1.684210526315789436e-01 1.658536585365853744e-01 1.674008810572687189e-01 1.600000000000000033e-01 1.666666666666666574e-01 1.558441558441558406e-01 1.573033707865168496e-01 1.407766990291262066e-01 1.325301204819277212e-01 1.348314606741572996e-01 1.307506053268765178e-01 1.062801932367149760e-01 1.042424242424242475e-01
8.201489720964692633e-322 1.954887218045112673e-01 2.014388489208633060e-01 1.917808219178082085e-01 1.935483870967741882e-01 1.882352941176470562e-01 1.878453038674033071e-01 1.968911917098445652e-01 1.923076923076923184e-01 1.913043478260869623e-01 1.889763779527559029e-01 1.928571428571428659e-01 1.789137380191693216e-01 1.823204419889502825e-01 1.626794258373205626e-01 1.620553359683794548e-01 1.548183254344391857e-01 1.525625744934445693e-01 1.331220285261489611e-01 1.232604373757455324e-01
4.792436764660091479e-322 2.222222222222222099e-01 2.269503546099290725e-01 2.281879194630872520e-01 2.278481012658227778e-01 2.196531791907514464e-01 2.173913043478260809e-01 2.244897959183673464e-01 2.264150943396226467e-01 2.222222222222222099e-01 2.170542635658914699e-01 2.112676056338028130e-01 2.012578616352201366e-01 1.907356948228882965e-01 1.835294117647058854e-01 1.867704280155642049e-01 1.741835147744945633e-01 1.688159437280187525e-01 1.544461778471138969e-01 1.448140900195694636e-01
2.055313086699585624e-321 2.481751824817518270e-01 2.517482517482517723e-01 2.516556291390728561e-01 2.500000000000000000e-01 2.500000000000000000e-01 2.459893048128342363e-01 2.512562814070351536e-01 2.511627906976744429e-01 2.447257383966244815e-01 2.290076335877862523e-01 2.352941176470588203e-01 2.167182662538699733e-01 2.037533512064343133e-01 2.083333333333333426e-01 2.068965517241379282e-01 1.868300153139356712e-01 1.870669745958429553e-01 1.720430107526881858e-01 1.626204238921001854e-01
2.346811817745921085e-321 2.733812949640287981e-01 2.758620689655172376e-01 2.745098039215686514e-01 2.822085889570551953e-01 2.696629213483145993e-01 2.736842105263158076e-01 2.772277227722772519e-01 2.752293577981651529e-01 2.655601659751037347e-01 2.481203007518796855e-01 2.525597269624573205e-01 2.378048780487804770e-01 2.163588390501319236e-01 2.283105022831050102e-01 2.264150943396226467e-01 2.081447963800905077e-01 2.070534698521046546e-01 1.860816944024205610e-01 1.738140417457305631e-01
2.223295406285609449e-321 2.978723404255319007e-01 2.993197278911564618e-01 3.076923076923077094e-01 3.030303030303030387e-01 2.983425414364641037e-01 3.005181347150259197e-01 3.024390243902438935e-01 2.972972972972973138e-01 2.857142857142856984e-01 2.666666666666666630e-01 2.818791946308724650e-01 2.582582582582582664e-01 2.395833333333333426e-01 2.471910112359550493e-01 2.416356877323420083e-01 2.228826151560178437e-01 2.239641657334826563e-01 2.011922503725782352e-01 1.906542056074766456e-01
2.208473436910372052e-321 3.216783216783216659e-01 3.333333333333333148e-01 3.291139240506328889e-01 3.333333333333333148e-01 3.260869565217391353e-01 3.265306122448979331e-01 3.173076923076922906e-01 3.111111111111111160e-01 2.983870967741935609e-01 2.919708029197080057e-01 2.913907284768211814e-01 2.721893491124260378e-01 2.564102564102563875e-01 2.743362831858406903e-01 2.600732600732600930e-01 2.430453879941434914e-01 2.339955849889624739e-01 2.202643171806167310e-01 2.018416206261510193e-01
2.322108535453858758e-321 3.448275862068965747e-01 3.552631578947368363e-01 3.499999999999999778e-01 3.529411764705882582e-01 3.440860215053763715e-01 3.434343434343434254e-01 3.317535545023696519e-01 3.333333333333333148e-01 3.253968253968254065e-01 2.877697841726618577e-01 3.127035830618892231e-01 2.857142857142856984e-01 2.777777777777777901e-01 2.882096069868995691e-01 2.743682310469314212e-01 2.626262626262626521e-01 2.480957562568008590e-01 2.329956584659913232e-01 2.177858439201451890e-01
1.595832036067226338e-321 3.783783783783783994e-01 3.636363636363636465e-01 3.803680981595092270e-01 3.815028901734103806e-01 3.703703703703703498e-01 3.681592039800994920e-01 3.551401869158878344e-01 3.620689655172413812e-01 3.450980392156862697e-01 3.049645390070921946e-01 3.344051446945337513e-01 2.988505747126437018e-01 2.992518703241895395e-01 2.967741935483870774e-01 2.882562277580071330e-01 2.674253200568990074e-01 2.529474812433011865e-01 2.453637660485021299e-01 2.289803220035778186e-01
2.302345909620208896e-321 4.000000000000000222e-01 3.846153846153846367e-01 3.878787878787878785e-01 4.000000000000000222e-01 3.874345549738220096e-01 3.921568627450980338e-01 3.778801843317972087e-01 3.829787234042553168e-01 3.552123552123552241e-01 3.216783216783216659e-01 3.555555555555555691e-01 3.116147308781869740e-01 3.194103194103193877e-01 3.142250530785562490e-01 2.982456140350877027e-01 2.861150070126227130e-01 2.642706131078224052e-01 2.587904360056259012e-01 2.426807760141093395e-01
