0.000000000000000000e+00 3.931623931623931534e-01 3.902439024390244038e-01 4.962406015037593709e-01 5.323741007194244812e-01 4.533333333333333104e-01 4.654088050314465486e-01 4.651162790697674354e-01 4.680851063829787329e-01 4.487804878048780588e-01 4.355555555555555292e-01 4.285714285714285476e-01 3.799283154121863570e-01 3.800623052959501424e-01 3.510638297872340496e-01 3.495575221238937935e-01 3.232682060390763557e-01 3.035952063914780230e-01 2.678571428571428492e-01 2.584369449378330352e-01
2.177952345869846211e-314 6.818181818181817677e-02 4.301075268817204644e-02 5.940594059405940319e-02 5.769230769230769551e-02 3.539823008849557473e-02 5.042016806722689204e-02 6.153846153846154188e-02 5.633802816901408578e-02 5.194805194805195148e-02 4.733727810650887463e-02 5.263157894736841813e-02 4.784688995215310992e-02 4.979253112033194678e-02 4.240282685512367783e-02 4.117647058823529355e-02 4.255319148936170109e-02 3.893805309734513220e-02 3.809523809523809867e-02 2.836879432624113406e-02
2.177952345869846211e-314 8.888888888888889228e-02 6.315789473684210731e-02 9.708737864077669755e-02 9.433962264150944077e-02 8.620689655172414367e-02 9.836065573770491621e-02 1.052631578947368363e-01 9.655172413793103314e-02 1.012658227848101250e-01 9.248554913294797231e-02 8.247422680412370977e-02 9.345794392523364136e-02 8.097165991902834092e-02 7.586206896551724033e-02 7.471264367816092544e-02 7.390300230946882099e-02 6.920415224913495367e-02 5.813953488372092943e-02 4.503464203233256691e-02
2.177952345869846211e-314 1.304347826086956486e-01 1.030927835051546337e-01 1.333333333333333315e-01 1.467889908256880815e-01 1.016949152542372947e-01 1.439999999999999891e-01 1.470588235294117696e-01 1.351351351351351426e-01 1.366459627329192628e-01 1.355932203389830504e-01 1.206030150753768793e-01 1.187214611872146053e-01 1.264822134387351693e-01 1.013513513513513570e-01 1.011235955056179747e-01 1.173814898419864583e-01 1.049069373942470434e-01 7.954545454545454419e-02 6.997742663656884854e-02
2.177952345869846211e-314 1.702127659574468044e-01 1.212121212121212155e-01 1.851851851851851749e-01 1.801801801801801717e-01 1.487603305785124008e-01 1.875000000000000000e-01 1.870503597122302186e-01 1.710526315789473728e-01 1.818181818181818232e-01 1.767955801104972302e-01 1.576354679802955683e-01 1.607142857142857262e-01 1.627906976744186163e-01 1.452145214521452232e-01 1.428571428571428492e-01 1.456953642384105907e-01 1.322314049586776896e-01 9.777777777777778290e-02 8.830022075055188324e-02
2.177952345869846211e-314 1.875000000000000000e-01 1.386138613861386260e-01 2.181818181818181712e-01 2.280701754385964786e-01 1.935483870967741882e-01 2.290076335877862523e-01 2.253521126760563431e-01 1.935483870967741882e-01 2.130177514792899462e-01 2.162162162162162282e-01 1.923076923076923184e-01 1.921397379912663794e-01 2.045454545454545581e-01 1.741935483870967749e-01 1.720430107526881858e-01 1.771058315334773092e-01 1.650485436893203983e-01 1.217391304347826136e-01 1.123110151187904915e-01
2.177952345869846211e-314 2.244897959183673464e-01 1.923076923076923184e-01 2.500000000000000000e-01 2.586206896551724310e-01 2.222222222222222099e-01 2.406015037593984829e-01 2.620689655172414034e-01 2.278481012658227778e-01 2.441860465116278966e-01 2.539682539682539542e-01 2.264150943396226467e-01 2.222222222222222099e-01 2.370370370370370461e-01 2.025316455696202500e-01 2.052631578947368418e-01 1.987315010570824547e-01 1.838351822503961897e-01 1.510638297872340385e-01 1.331923890063425042e-01
2.177952345869846211e-314 2.399999999999999911e-01 2.075471698113207641e-01 2.956521739130434923e-01 3.025210084033613245e-01 2.635658914728682412e-01 2.647058823529411797e-01 2.837837837837837718e-01 2.716049382716049232e-01 2.840909090909091161e-01 2.901554404145077481e-01 2.500000000000000000e-01 2.426778242677824216e-01 2.472727272727272829e-01 2.229102167182662464e-01 2.319587628865979467e-01 2.111801242236024945e-01 1.984496124031007724e-01 1.749999999999999889e-01 1.552795031055900499e-01
2.177952345869846211e-314 2.549019607843137081e-01 2.407407407407407274e-01 3.247863247863247982e-01 3.140495867768595128e-01 2.878787878787879007e-01 3.021582733812949728e-01 3.046357615894039750e-01 3.030303030303030387e-01 3.128491620111731875e-01 3.045685279187817507e-01 2.805429864253393690e-01 2.622950819672131284e-01 2.562277580071174454e-01 2.424242424242424310e-01 2.575757575757575690e-01 2.231237322515212951e-01 2.188449848024316136e-01 1.918367346938775475e-01 1.724137931034482873e-01
2.177952345869846211e-314 2.692307692307692180e-01 2.727272727272727071e-01 3.529411764705882582e-01 3.548387096774193727e-01 2.985074626865671377e-01 3.239436619718309984e-01 3.376623376623376638e-01 3.333333333333333148e-01 3.387978142076502608e-01 3.283582089552238847e-01 2.933333333333333348e-01 2.891566265060240837e-01 2.717770034843205451e-01 2.678571428571428492e-01 2.772277227722772519e-01 2.465208747514910648e-01 2.384500745156482859e-01 2.020000000000000129e-01 1.829025844930417533e-01
2.177952345869846211e-314 2.830188679245282946e-01 3.035714285714285476e-01 3.934426229508196649e-01 3.809523809523809312e-01 3.357664233576642121e-01 3.448275862068965747e-01 3.694267515923566614e-01 3.604651162790697416e-01 3.529411764705882582e-01 3.512195121951219301e-01 3.304347826086956319e-01 3.070866141732283561e-01 3.013698630136986134e-01 2.857142857142856984e-01 2.912621359223300788e-01 2.651072124756335135e-01 2.569343065693430739e-01 2.137254901960784215e-01 2.007797270955165581e-01
1.724289103985950439e-321 2.962962962962962798e-01 3.478260869565217295e-01 4.193548387096774355e-01 4.186046511627907196e-01 3.714285714285714413e-01 3.783783783783783994e-01 3.875000000000000111e-01 3.771428571428571686e-01 3.684210526315789269e-01 3.732057416267942629e-01 3.418803418803418870e-01 3.243243243243243423e-01 3.221476510067113885e-01 3.142857142857142794e-01 3.047619047619047894e-01 2.829827915869980726e-01 2.664756446991404237e-01 2.346153846153846145e-01 2.093690248565965584e-01
1.408087090647552651e-321 3.272727272727272707e-01 3.589743589743589758e-01 4.444444444444444198e-01 4.427480916030534508e-01 3.943661971830985657e-01 3.866666666666666585e-01 4.049079754601226933e-01 3.932584269662921517e-01 4.020618556701031077e-01 3.661971830985915610e-01 3.682008368200836990e-01 3.333333333333333148e-01 3.421052631578947456e-01 3.258426966292135019e-01 3.224299065420560551e-01 3.001876172607880200e-01 2.841068917018284012e-01 2.433962264150943411e-01 2.223264540337711037e-01
4.733744048149930023e-02 3.716814159292035624e-01 3.697478991596638842e-01 4.651162790697674354e-01 4.776119402985074536e-01 4.275862068965517460e-01 4.183006535947712545e-01 4.337349397590361533e-01 4.285714285714285476e-01 4.263959390862944177e-01 3.870967741935483764e-01 3.950617283950617065e-01 3.420074349442379091e-01 3.559870550161812197e-01 3.250688705234159870e-01 3.348623853211009083e-01 3.020257826887661201e-01 2.896551724137931272e-01 2.518518518518518268e-01 2.292817679558011024e-01
2.614297091197345310e-02 3.826086956521739246e-01 3.966942148760330689e-01 4.732824427480916141e-01 5.000000000000000000e-01 4.353741496598639293e-01 4.487179487179487336e-01 4.497041420118343402e-01 4.540540540540540793e-01 4.378109452736318463e-01 4.072398190045248834e-01 4.129554655870445457e-01 3.576642335766423431e-01 3.682539682539682779e-01 3.414634146341463672e-01 3.378378378378378288e-01 3.146473779385171587e-01 2.981029810298103100e-01 2.600000000000000089e-01 2.459312839059674405e-01
