0.000000000000000000e+00 3.333333333333333148e-01 3.603603603603603434e-01 4.406779661016949068e-01 5.156250000000000000e-01 4.179104477611940149e-01 4.551724137931034697e-01 4.415584415584415390e-01 4.508670520231213841e-01 4.347826086956521618e-01 4.653465346534653713e-01 4.484304932735426186e-01 4.015444015444015191e-01 4.083044982698961767e-01 3.690476190476190688e-01 3.672456575682382374e-01 3.254901960784313819e-01 3.263473053892215758e-01 2.766798418972332141e-01 2.585778219791148858e-01
2.172112920761245850e-314 5.063291139240506250e-02 4.938271604938271331e-02 4.651162790697674354e-02 6.451612903225806273e-02 2.061855670103092744e-02 3.809523809523809867e-02 3.571428571428571230e-02 6.299212598425196763e-02 6.015037593984962072e-02 5.479452054794520244e-02 4.968944099378881651e-02 5.291005291005290712e-02 5.741626794258373329e-02 4.938271604938271331e-02 4.123711340206185488e-02 4.864864864864865135e-02 4.564315352697095179e-02 4.098360655737704611e-02 3.032391454169538342e-02
2.172112920761245850e-314 7.407407407407406996e-02 7.228915662650602092e-02 6.818181818181817677e-02 1.052631578947368363e-01 8.000000000000000167e-02 9.259259259259258745e-02 8.695652173913043237e-02 1.076923076923076983e-01 1.167883211678832078e-01 1.066666666666666735e-01 8.484848484848485362e-02 1.030927835051546337e-01 9.302325581395348708e-02 8.799999999999999489e-02 8.026755852842809569e-02 8.421052631578947179e-02 7.676767676767676241e-02 6.117021276595744489e-02 4.963112005365526158e-02
2.172112920761245850e-314 1.204819277108433728e-01 1.176470588235294101e-01 1.111111111111111049e-01 1.632653061224489666e-01 9.803921568627450844e-02 1.441441441441441429e-01 1.355932203389830504e-01 1.503759398496240518e-01 1.428571428571428492e-01 1.558441558441558406e-01 1.294117647058823650e-01 1.306532663316583021e-01 1.357466063348416185e-01 1.171875000000000000e-01 1.107491856677524367e-01 1.230769230769230838e-01 1.181102362204724393e-01 8.549222797927460982e-02 7.446113651208360884e-02
2.172112920761245850e-314 1.411764705882352922e-01 1.149425287356321823e-01 1.290322580645161255e-01 2.000000000000000111e-01 1.523809523809523947e-01 1.929824561403508665e-01 1.818181818181818232e-01 1.751824817518248256e-01 1.666666666666666574e-01 1.898734177215190000e-01 1.724137931034482873e-01 1.764705882352941291e-01 1.769911504424778736e-01 1.673003802281368690e-01 1.587301587301587213e-01 1.499999999999999944e-01 1.494252873563218509e-01 1.060606060606060635e-01 9.548058561425842861e-02
2.172112920761245850e-314 1.609195402298850552e-01 1.348314606741572996e-01 1.473684210526315652e-01 2.330097087378640852e-01 2.037037037037036924e-01 2.393162393162393264e-01 2.096774193548387177e-01 2.000000000000000111e-01 2.027027027027027140e-01 2.345679012345678882e-01 2.122905027932960875e-01 2.105263157894736725e-01 2.241379310344827624e-01 2.000000000000000111e-01 1.857585139318885525e-01 1.756097560975609650e-01 1.831775700934579476e-01 1.330049261083743883e-01 1.191806331471135932e-01
2.172112920761245850e-314 2.022471910112359494e-01 1.739130434782608647e-01 1.855670103092783574e-01 2.666666666666666630e-01 2.181818181818181712e-01 2.521008403361344463e-01 2.519685039370078705e-01 2.377622377622377603e-01 2.384105960264900625e-01 2.771084337349397630e-01 2.513661202185792365e-01 2.429906542056074759e-01 2.605042016806722871e-01 2.318840579710144956e-01 2.175226586102718962e-01 2.000000000000000111e-01 2.007299270072992747e-01 1.586538461538461453e-01 1.405208964264082483e-01
2.172112920761245850e-314 2.197802197802197766e-01 1.914893617021276584e-01 2.399999999999999911e-01 2.962962962962962798e-01 2.654867256637168382e-01 2.786885245901639108e-01 2.769230769230769384e-01 2.857142857142856984e-01 2.838709677419354871e-01 3.176470588235293935e-01 2.780748663101604290e-01 2.648401826484018118e-01 2.716049382716049232e-01 2.544169611307420253e-01 2.418879056047197607e-01 2.139534883720930203e-01 2.135231316725978712e-01 1.854460093896713735e-01 1.643997634535777630e-01
2.172112920761245850e-314 2.365591397849462485e-01 2.291666666666666574e-01 2.745098039215686514e-01 3.090909090909090828e-01 2.931034482758620441e-01 3.200000000000000067e-01 3.007518796992481036e-01 3.066666666666666430e-01 3.164556962025316666e-01 3.333333333333333148e-01 3.125000000000000000e-01 2.857142857142856984e-01 2.811244979919678699e-01 2.689655172413792927e-01 2.708933717579250500e-01 2.227272727272727182e-01 2.365217391304347827e-01 2.018348623853211121e-01 1.825534373194685200e-01
2.172112920761245850e-314 2.315789473684210509e-01 2.448979591836734637e-01 3.076923076923077094e-01 3.539823008849557473e-01 3.050847457627118842e-01 3.437500000000000000e-01 3.382352941176470784e-01 3.267973856209150374e-01 3.456790123456789932e-01 3.595505617977527990e-01 3.265306122448979331e-01 3.144104803493449896e-01 2.980392156862745057e-01 2.972972972972973138e-01 2.873239436619718368e-01 2.444444444444444364e-01 2.585034013605442271e-01 2.130044843049327397e-01 1.931112365894974703e-01
2.172112920761245850e-314 2.474226804123711432e-01 2.800000000000000266e-01 3.364485981308411033e-01 3.826086956521739246e-01 3.471074380165289353e-01 3.664122137404580148e-01 3.597122302158273222e-01 3.566878980891719508e-01 3.614457831325301185e-01 3.846153846153846367e-01 3.582089552238805763e-01 3.333333333333333148e-01 3.307692307692307598e-01 3.102310231023102105e-01 3.030303030303030387e-01 2.652173913043478493e-01 2.790697674418604612e-01 2.258771929824561486e-01 2.065157371617890592e-01
2.172112920761245850e-314 2.626262626262626521e-01 3.106796116504854099e-01 3.486238532110091937e-01 4.237288135593220151e-01 3.870967741935483764e-01 3.731343283582089776e-01 3.802816901408450634e-01 3.750000000000000000e-01 3.786982248520709970e-01 4.086021505376344343e-01 3.609756097560975485e-01 3.514644351464434879e-01 3.533834586466165217e-01 3.354838709677419595e-01 3.180592991913746559e-01 2.808510638297872508e-01 2.861788617886178998e-01 2.467811158798283167e-01 2.128579146407347245e-01
2.172112920761245850e-314 2.772277227722772519e-01 3.238095238095238249e-01 3.783783783783783994e-01 4.500000000000000111e-01 3.968253968253968034e-01 3.823529411764705621e-01 4.000000000000000222e-01 3.926380368098159601e-01 4.161849710982659101e-01 4.000000000000000222e-01 3.809523809523809312e-01 3.524590163934426257e-01 3.750000000000000000e-01 3.417721518987341667e-01 3.377308707124010434e-01 2.999999999999999889e-01 3.057324840764331086e-01 2.563025210084033390e-01 2.263352723426758362e-01
2.172112920761245850e-314 3.269230769230769273e-01 3.364485981308411033e-01 4.035087719298245390e-01 4.878048780487804770e-01 4.186046511627907196e-01 4.028776978417266119e-01 4.189189189189189144e-01 4.191616766467065602e-01 4.431818181818181768e-01 4.123711340206185350e-01 4.112149532710280275e-01 3.614457831325301185e-01 3.898916967509025167e-01 3.405572755417956565e-01 3.514211886304909327e-01 3.020408163265306256e-01 3.115264797507787953e-01 2.633744855967078413e-01 2.320041429311237580e-01
2.172112920761245850e-314 3.207547169811320598e-01 3.669724770642202039e-01 4.137931034482758563e-01 5.120000000000000107e-01 4.274809160305343414e-01 4.366197183098591283e-01 4.370860927152317998e-01 4.470588235294117863e-01 4.333333333333333481e-01 4.343434343434343647e-01 4.311926605504587395e-01 3.779527559055118058e-01 4.028268551236748873e-01 3.586626139817629122e-01 3.544303797468354444e-01 3.160000000000000031e-01 3.206106870229007422e-01 2.701612903225806273e-01 2.465753424657534110e-01
