0.000000000000000000e+00 4.166666666666666852e-01 4.266666666666666941e-01 4.331210191082802696e-01 4.550898203592814162e-01 4.419889502762430755e-01 4.502617801047120172e-01 4.114832535885167286e-01 4.125560538116592180e-01 4.000000000000000222e-01 3.731343283582089776e-01 3.918918918918918859e-01 3.442136498516320531e-01 3.489583333333333148e-01 3.423423423423423428e-01 3.228200371057514118e-01 3.058470764617691184e-01 2.799552071668532927e-01 2.737471952131638187e-01 2.584729981378026120e-01
2.780957490356504253e-314 5.217391304347825803e-02 5.000000000000000278e-02 4.800000000000000100e-02 4.545454545454545581e-02 4.166666666666666435e-02 3.973509933774834607e-02 4.790419161676646997e-02 4.519774011299435013e-02 4.123711340206185488e-02 3.773584905660377214e-02 4.273504273504273587e-02 3.745318352059925221e-02 3.947368421052631360e-02 3.988603988603988543e-02 3.278688524590164105e-02 3.415559772296015290e-02 3.394625176803394567e-02 3.216650898770104239e-02 2.541176470588235245e-02
2.780957490356504253e-314 8.547008547008547175e-02 8.196721311475409222e-02 7.874015748031495954e-02 7.462686567164178442e-02 8.163265306122448328e-02 7.792207792207792028e-02 8.235294117647058709e-02 7.777777777777777901e-02 8.080808080808081495e-02 7.407407407407406996e-02 7.563025210084033112e-02 7.352941176470588480e-02 7.096774193548387177e-02 7.262569832402235304e-02 5.977011494252873480e-02 5.959031657355679662e-02 5.833333333333333426e-02 5.013927576601671238e-02 4.249422632794457033e-02
2.780957490356504253e-314 1.176470588235294101e-01 1.129032258064516098e-01 1.085271317829457349e-01 1.167883211678832078e-01 1.073825503355704675e-01 1.146496815286624227e-01 1.156069364161849689e-01 1.092896174863387942e-01 1.094527363184079616e-01 1.090909090909090856e-01 1.069958847736625501e-01 1.010830324909747224e-01 1.075949367088607639e-01 9.340659340659340781e-02 8.126410835214446793e-02 9.506398537477148136e-02 9.004092769440655286e-02 6.927985414767548478e-02 6.712018140589569304e-02
2.780957490356504253e-314 1.487603305785124008e-01 1.428571428571428492e-01 1.515151515151515194e-01 1.438848920863309289e-01 1.447368421052631637e-01 1.499999999999999944e-01 1.477272727272727348e-01 1.497326203208556028e-01 1.463414634146341375e-01 1.428571428571428492e-01 1.376518218623481726e-01 1.347517730496453903e-01 1.370716510903426666e-01 1.293800539083558021e-01 1.152993348115299299e-01 1.184919210053859973e-01 1.124497991967871452e-01 8.952551477170993255e-02 8.463251670378618696e-02
2.780957490356504253e-314 1.626016260162601590e-01 1.718750000000000000e-01 1.791044776119402882e-01 1.830985915492957805e-01 1.806451612903225701e-01 1.840490797546012192e-01 1.787709497206703968e-01 1.789473684210526327e-01 1.818181818181818232e-01 1.754385964912280604e-01 1.746031746031745935e-01 1.672473867595818953e-01 1.712538226299694100e-01 1.534391534391534306e-01 1.394335511982570941e-01 1.446208112874779461e-01 1.394736842105263053e-01 1.125769569041336904e-01 1.050328227571115935e-01
2.780957490356504253e-314 1.920000000000000040e-01 2.137404580152671707e-01 2.058823529411764608e-01 2.083333333333333426e-01 2.038216560509554243e-01 2.060606060606060552e-01 2.087912087912087988e-01 2.072538860103626812e-01 2.075471698113207641e-01 2.068965517241379282e-01 2.031250000000000000e-01 1.917808219178082085e-01 1.981981981981981999e-01 1.770833333333333426e-01 1.713062098501070551e-01 1.663778162911611902e-01 1.604139715394566623e-01 1.417458945548833171e-01 1.255913978494623551e-01
2.780957948849423594e-314 2.204724409448818867e-01 2.406015037593984829e-01 2.446043165467625957e-01 2.448979591836734637e-01 2.374999999999999889e-01 2.380952380952380820e-01 2.378378378378378510e-01 2.436548223350253894e-01 2.407407407407407274e-01 2.372881355932203451e-01 2.230769230769230893e-01 2.154882154882154788e-01 2.071005917159763343e-01 1.994884910485933416e-01 1.978947368421052622e-01 1.805792163543441242e-01 1.728081321473951826e-01 1.614273576890399298e-01 1.479915433403805602e-01
2.780957948849423594e-314 2.480620155038759655e-01 2.666666666666666630e-01 2.695035460992907805e-01 2.684563758389261756e-01 2.699386503067484622e-01 2.690058479532163593e-01 2.659574468085106336e-01 2.700000000000000178e-01 2.648401826484018118e-01 2.500000000000000000e-01 2.490566037735849059e-01 2.317880794701986658e-01 2.209302325581395388e-01 2.261306532663316660e-01 2.194616977225672949e-01 1.943048576214405354e-01 1.900000000000000022e-01 1.787802840434419283e-01 1.646569646569646661e-01
2.780957948849423594e-314 2.748091603053435250e-01 2.919708029197080057e-01 2.937062937062936974e-01 3.026315789473684181e-01 2.909090909090908950e-01 2.988505747126437018e-01 2.931937172774868872e-01 2.955665024630542148e-01 2.869955156950672603e-01 2.704918032786885473e-01 2.676579925650557357e-01 2.540716612377850181e-01 2.342857142857142916e-01 2.475247524752475226e-01 2.403258655804480781e-01 2.174629324546952236e-01 2.115621156211562048e-01 1.922760887428101861e-01 1.758691206543967211e-01
2.780957948849423594e-314 3.007518796992481036e-01 3.165467625899280324e-01 3.287671232876712146e-01 3.246753246753246724e-01 3.214285714285714524e-01 3.276836158192090176e-01 3.195876288659793563e-01 3.188405797101449002e-01 3.083700440528634457e-01 2.903225806451613100e-01 2.992700729927007530e-01 2.692307692307692180e-01 2.591549295774647765e-01 2.627737226277372384e-01 2.525050100200400549e-01 2.333873581847649981e-01 2.297460701330108768e-01 2.069523039611964321e-01 1.923541247484909511e-01
2.780957948849423594e-314 3.259259259259259522e-01 3.521126760563380031e-01 3.513513513513513709e-01 3.566878980891719508e-01 3.508771929824561209e-01 3.555555555555555691e-01 3.350253807106599035e-01 3.333333333333333148e-01 3.217391304347825831e-01 3.174603174603174427e-01 3.093525179856115304e-01 2.839116719242902320e-01 2.770083102493074989e-01 2.918660287081339955e-01 2.682445759368836113e-01 2.551834130781499010e-01 2.404761904761904823e-01 2.275258552108194166e-01 2.027722772277227858e-01
2.780954771019189543e-314 3.503649635036496512e-01 3.750000000000000000e-01 3.733333333333333504e-01 3.773584905660377631e-01 3.699421965317918892e-01 3.736263736263736313e-01 3.499999999999999778e-01 3.474178403755868727e-01 3.504273504273504036e-01 3.125000000000000000e-01 3.321554770318020933e-01 2.981366459627329268e-01 2.997275204359672873e-01 3.018867924528301772e-01 2.834951456310679796e-01 2.731554160125588826e-01 2.555685814771395115e-01 2.396241190289741529e-01 2.191033138401559388e-01
1.605713348984051269e-321 3.857142857142857317e-01 3.835616438356164171e-01 4.052287581699346442e-01 4.074074074074073848e-01 3.977272727272727071e-01 4.000000000000000222e-01 3.743842364532019573e-01 3.778801843317972087e-01 3.713080168776371481e-01 3.307692307692307598e-01 3.554006968641115205e-01 3.119266055045871733e-01 3.225806451612903136e-01 3.109048723897911981e-01 2.982791586998088107e-01 2.782071097372488255e-01 2.606689734717416163e-01 2.528912875867386223e-01 2.295585412667946190e-01
1.605713348984051269e-321 4.084507042253521236e-01 4.054054054054054279e-01 4.129032258064516125e-01 4.268292682926829174e-01 4.157303370786517016e-01 4.255319148936170248e-01 3.883495145631067902e-01 4.000000000000000222e-01 3.817427385892115943e-01 3.484848484848485084e-01 3.711340206185567148e-01 3.253012048192771011e-01 3.386243386243386055e-01 3.295194508009153256e-01 3.088512241054613972e-01 2.952815829528158131e-01 2.704545454545454475e-01 2.642369020501139087e-01 2.442344045368620153e-01
