2.780097389260022477e-314 2.857142857142856984e-01 2.947368421052631304e-01 3.636363636363636465e-01 4.313725490196078649e-01 2.882882882882882858e-01 3.193277310924369505e-01 3.464566929133858220e-01 2.985074626865671377e-01 3.157894736842105088e-01 4.761904761904761640e-01 4.000000000000000222e-01 4.554455445544554615e-01 3.862660944206008362e-01 3.971119133574007032e-01 3.915662650602409478e-01 3.454987834549878567e-01 3.254113345521023604e-01 2.641056422569027506e-01 2.452944748026715249e-01
2.780098764738780499e-314 6.451612903225806273e-02 3.076923076923077094e-02 2.985074626865671585e-02 2.985074626865671585e-02 0.000000000000000000e+00 2.531645569620253125e-02 2.352941176470588203e-02 2.272727272727272790e-02 3.960396039603960444e-02 7.142857142857142461e-02 4.878048780487805047e-02 6.060606060606060774e-02 5.228758169934640682e-02 4.347826086956521618e-02 5.454545454545454281e-02 5.904059040590405733e-02 4.986149584487534897e-02 4.339963833634719742e-02 2.943882244710211565e-02
2.780100567090256528e-314 9.375000000000000000e-02 5.970149253731343170e-02 5.797101449275362389e-02 5.797101449275362389e-02 5.194805194805195148e-02 4.878048780487805047e-02 4.545454545454545581e-02 4.395604395604395948e-02 9.523809523809523281e-02 1.379310344827586188e-01 9.448818897637795144e-02 1.167883211678832078e-01 8.805031446540879936e-02 9.424083769633508079e-02 9.649122807017543324e-02 9.252669039145906826e-02 8.556149732620320358e-02 6.980802792321116890e-02 5.323868677905944924e-02
2.780910739888832171e-314 1.212121212121212155e-01 5.797101449275362389e-02 8.450704225352112520e-02 1.111111111111111049e-01 5.063291139240506250e-02 9.411764705882352811e-02 6.593406593406593574e-02 6.382978723404254817e-02 1.111111111111111049e-01 1.833333333333333204e-01 1.515151515151515194e-01 1.549295774647887203e-01 1.454545454545454475e-01 1.218274111675126947e-01 1.355932203389830504e-01 1.305841924398625509e-01 1.343669250645994906e-01 9.106239460370994798e-02 7.883461868037704157e-02
2.780911688494872186e-314 1.176470588235294101e-01 5.633802816901408578e-02 1.081081081081081141e-01 1.351351351351351426e-01 9.756097560975610095e-02 1.363636363636363535e-01 1.276595744680850963e-01 6.122448979591836593e-02 1.428571428571428492e-01 2.258064516129032195e-01 2.058823529411764608e-01 2.040816326530612290e-01 1.882352941176470562e-01 1.862745098039215730e-01 1.967213114754098324e-01 1.661129568106312349e-01 1.745635910224438980e-01 1.109298531810766764e-01 1.010770505385252677e-01
2.780912637100912201e-314 1.428571428571428492e-01 8.219178082191780366e-02 1.315789473684210453e-01 1.818181818181818232e-01 1.411764705882352922e-01 1.318681318681318715e-01 1.649484536082474195e-01 7.920792079207920888e-02 1.724137931034482873e-01 2.812500000000000000e-01 2.411347517730496326e-01 2.500000000000000000e-01 2.272727272727272652e-01 2.274881516587677621e-01 2.222222222222222099e-01 1.993569131832797492e-01 2.125603864734299520e-01 1.390205371248025290e-01 1.234963913392141122e-01
2.780913585706952217e-314 1.944444444444444475e-01 1.052631578947368363e-01 1.282051282051281937e-01 2.025316455696202500e-01 1.609195402298850552e-01 1.505376344086021556e-01 2.000000000000000111e-01 1.346153846153846090e-01 1.848739495798319421e-01 3.181818181818181768e-01 2.482758620689655138e-01 2.929936305732483981e-01 2.747252747252747485e-01 2.580645161290322509e-01 2.538461538461538325e-01 2.305295950155763218e-01 2.295081967213114804e-01 1.623277182235834670e-01 1.429681429681429750e-01
2.780914534312992232e-314 2.162162162162162282e-01 1.025641025641025605e-01 1.728395061728394966e-01 2.439024390243902385e-01 2.000000000000000111e-01 1.666666666666666574e-01 2.135922330097087263e-01 1.666666666666666574e-01 2.439024390243902385e-01 3.529411764705882582e-01 2.684563758389261756e-01 3.209876543209876365e-01 2.887700534759358173e-01 2.857142857142856984e-01 2.761194029850746468e-01 2.477341389728096588e-01 2.403628117913832185e-01 1.842496285289747515e-01 1.657874905802562138e-01
2.780915482919032247e-314 2.105263157894736725e-01 1.250000000000000000e-01 1.686746987951807109e-01 2.619047619047619180e-01 1.935483870967741882e-01 2.020202020202020166e-01 2.452830188679245293e-01 1.981981981981981999e-01 2.698412698412698263e-01 3.714285714285714413e-01 3.116883116883116811e-01 3.473053892215569038e-01 3.005181347150259197e-01 3.030303030303030387e-01 3.043478260869565410e-01 2.580645161290322509e-01 2.555066079295154058e-01 1.991341991341991358e-01 1.843452816386247362e-01
2.780916431525072262e-314 2.051282051282051211e-01 1.463414634146341375e-01 2.117647058823529382e-01 2.988505747126437018e-01 2.105263157894736725e-01 2.156862745098039325e-01 2.568807339449541427e-01 2.105263157894736725e-01 2.923076923076923239e-01 3.888888888888888951e-01 3.291139240506328889e-01 3.720930232558139483e-01 3.115577889447236348e-01 3.375527426160337408e-01 3.239436619718309984e-01 2.792022792022791911e-01 2.740899357601713215e-01 2.047685834502103730e-01 1.918976545842217551e-01
2.780917380131112277e-314 2.000000000000000111e-01 1.904761904761904656e-01 2.500000000000000000e-01 3.146067415730336991e-01 2.244897959183673464e-01 2.476190476190476275e-01 2.857142857142856984e-01 2.203389830508474534e-01 2.835820895522387919e-01 4.054054054054054279e-01 3.312883435582821834e-01 3.954802259887005844e-01 3.235294117647058987e-01 3.442622950819672067e-01 3.424657534246575152e-01 3.047091412742382044e-01 2.952182952182952347e-01 2.210095497953615262e-01 2.004146510020732574e-01
2.177952345869846211e-314 2.195121951219512202e-01 2.298850574712643646e-01 2.666666666666666630e-01 3.478260869565217295e-01 2.772277227722772519e-01 2.592592592592592449e-01 3.130434782608695898e-01 2.314049586776859568e-01 3.065693430656934448e-01 4.210526315789473450e-01 3.233532934131736480e-01 4.065934065934065922e-01 3.333333333333333148e-01 3.665338645418326768e-01 3.599999999999999867e-01 3.180592991913746559e-01 2.955465587044534548e-01 2.390438247011952289e-01 2.044384667114996501e-01
2.659574468085106318e-03 2.380952380952380820e-01 2.471910112359550493e-01 3.043478260869565410e-01 3.617021276595744905e-01 2.912621359223300788e-01 2.545454545454545192e-01 3.220338983050847204e-01 2.580645161290322509e-01 3.120567375886524886e-01 4.102564102564102422e-01 3.488372093023255904e-01 4.064171122994652552e-01 3.611111111111111049e-01 3.735408560311284099e-01 3.701298701298701421e-01 3.307086614173228578e-01 3.195266272189349332e-01 2.483829236739974189e-01 2.174197773411918888e-01
2.172112920761245850e-314 2.758620689655172376e-01 2.637362637362637430e-01 3.157894736842105088e-01 4.123711340206185350e-01 2.830188679245282946e-01 2.654867256637168382e-01 3.471074380165289353e-01 2.812500000000000000e-01 3.333333333333333148e-01 4.249999999999999889e-01 3.863636363636363535e-01 4.166666666666666852e-01 3.710407239819004666e-01 3.712121212121212155e-01 3.797468354430380000e-01 3.273657289002557813e-01 3.262955854126679545e-01 2.496847414880201677e-01 2.220804084237396336e-01
2.172112920761245850e-314 2.696629213483145993e-01 3.010752688172043112e-01 3.298969072164948391e-01 4.242424242424242542e-01 2.962962962962962798e-01 2.931034482758620441e-01 3.548387096774193727e-01 2.900763358778625789e-01 3.243243243243243423e-01 4.390243902439024404e-01 3.888888888888888951e-01 4.263959390862944177e-01 3.788546255506607952e-01 3.925925925925926041e-01 3.827160493827160281e-01 3.391521197007481558e-01 3.295880149812733806e-01 2.558425584255842322e-01 2.364654635967641527e-01
