0.000000000000000000e+00 2.222222222222222099e-01 1.132075471698113234e-01 1.666666666666666574e-01 2.000000000000000111e-01 1.230769230769230838e-01 8.955223880597014408e-02 1.298701298701298579e-01 1.190476190476190410e-01 1.212121212121212155e-01 2.040816326530612290e-01 1.355932203389830504e-01 2.975206611570248016e-01 2.083333333333333426e-01 1.916167664670658799e-01 2.673267326732673421e-01 2.857142857142856984e-01 2.397660818713450159e-01 2.565130260521041872e-01 2.081712062256809437e-01
4.667261458395856108e-62 1.600000000000000033e-01 0.000000000000000000e+00 0.000000000000000000e+00 0.000000000000000000e+00 0.000000000000000000e+00 0.000000000000000000e+00 0.000000000000000000e+00 0.000000000000000000e+00 4.166666666666666435e-02 4.761904761904761640e-02 0.000000000000000000e+00 0.000000000000000000e+00 3.125000000000000000e-02 0.000000000000000000e+00 6.666666666666666574e-02 7.619047619047619735e-02 2.564102564102564014e-02 9.132420091324200406e-02 5.555555555555555247e-02
4.085310099963375943e+179 1.481481481481481399e-01 0.000000000000000000e+00 0.000000000000000000e+00 0.000000000000000000e+00 0.000000000000000000e+00 0.000000000000000000e+00 0.000000000000000000e+00 0.000000000000000000e+00 3.846153846153846367e-02 4.347826086956521618e-02 3.333333333333333287e-02 3.571428571428571230e-02 5.714285714285714107e-02 2.469135802469135665e-02 1.224489795918367319e-01 1.043478260869565161e-01 5.917159763313609155e-02 1.255230125523012497e-01 9.055118110236221041e-02
4.274809163973904035e-33 1.379310344827586188e-01 0.000000000000000000e+00 0.000000000000000000e+00 0.000000000000000000e+00 0.000000000000000000e+00 0.000000000000000000e+00 0.000000000000000000e+00 0.000000000000000000e+00 3.636363636363636187e-02 4.000000000000000083e-02 3.076923076923077094e-02 6.557377049180328210e-02 5.263157894736841813e-02 4.597701149425287293e-02 1.320754716981132060e-01 1.120000000000000023e-01 1.098901098901098883e-01 1.467181467181467303e-01 1.131386861313868619e-01
1.398043286095288860e-76 1.290322580645161255e-01 0.000000000000000000e+00 0.000000000000000000e+00 0.000000000000000000e+00 5.555555555555555247e-02 0.000000000000000000e+00 9.090909090909091161e-02 0.000000000000000000e+00 3.389830508474576259e-02 1.111111111111111049e-01 5.797101449275362389e-02 1.212121212121212155e-01 7.407407407407406996e-02 8.510638297872340219e-02 1.578947368421052544e-01 1.629629629629629761e-01 1.326530612244898044e-01 1.648745519713261665e-01 1.360544217687074953e-01
1.356537382734862239e-153 1.212121212121212155e-01 0.000000000000000000e+00 0.000000000000000000e+00 0.000000000000000000e+00 1.025641025641025605e-01 0.000000000000000000e+00 8.510638297872340219e-02 3.921568627450980338e-02 6.349206349206348854e-02 1.034482758620689641e-01 5.405405405405405705e-02 1.971830985915492829e-01 6.896551724137930939e-02 1.386138613861386260e-01 1.803278688524590223e-01 2.206896551724137900e-01 1.818181818181818232e-01 1.872909698996655381e-01 1.592356687898089096e-01
1.519790613881694934e-47 2.285714285714285643e-01 0.000000000000000000e+00 0.000000000000000000e+00 5.405405405405405705e-02 9.756097560975610095e-02 4.878048780487805047e-02 8.000000000000000167e-02 7.407407407407406996e-02 6.060606060606060774e-02 9.677419354838709409e-02 5.128205128205128027e-02 2.105263157894736725e-01 1.075268817204301092e-01 1.308411214953270896e-01 1.846153846153846256e-01 2.451612903225806328e-01 1.891891891891891997e-01 1.880877742946708564e-01 1.736526946107784519e-01
1.398043286095288860e-76 2.162162162162162282e-01 0.000000000000000000e+00 9.523809523809523281e-02 5.000000000000000278e-02 1.363636363636363535e-01 4.545454545454545581e-02 7.547169811320754429e-02 6.896551724137930939e-02 1.142857142857142821e-01 1.212121212121212155e-01 4.878048780487805047e-02 1.975308641975308532e-01 1.428571428571428492e-01 1.228070175438596423e-01 2.173913043478260809e-01 2.545454545454545192e-01 1.949152542372881436e-01 2.123893805309734484e-01 1.779661016949152519e-01
1.586073000775653622e-47 2.051282051282051211e-01 5.263157894736841813e-02 9.090909090909091161e-02 9.523809523809523281e-02 1.276595744680850963e-01 4.255319148936170109e-02 1.071428571428571369e-01 9.836065573770491621e-02 1.095890410958904049e-01 1.142857142857142821e-01 6.896551724137930939e-02 2.558139534883721034e-01 1.538461538461538547e-01 1.322314049586776896e-01 2.602739726027397116e-01 2.742857142857142994e-01 2.008032128514056214e-01 2.228412256267409408e-01 1.791443850267379623e-01
9.068537330384925020e-43 1.951219512195122019e-01 5.000000000000000278e-02 8.695652173913043237e-02 1.333333333333333315e-01 1.224489795918367319e-01 8.000000000000000167e-02 1.355932203389830504e-01 1.250000000000000000e-01 1.298701298701298579e-01 1.081081081081081141e-01 8.791208791208791895e-02 2.637362637362637430e-01 1.636363636363636354e-01 1.574803149606299191e-01 2.597402597402597157e-01 2.702702702702702853e-01 2.213740458015267254e-01 2.216358839050131813e-01 1.776649746192893453e-01
1.182950697433698368e-76 1.860465116279069742e-01 4.761904761904761640e-02 1.224489795918367319e-01 1.276595744680850963e-01 1.153846153846153910e-01 1.132075471698113234e-01 1.290322580645161255e-01 1.176470588235294101e-01 1.234567901234567833e-01 1.282051282051281937e-01 8.333333333333332871e-02 2.708333333333333148e-01 1.739130434782608647e-01 1.492537313432835688e-01 2.716049382716049232e-01 2.871794871794871584e-01 2.463768115942029102e-01 2.255639097744360777e-01 1.859903381642512010e-01
1.398043286095131769e-76 1.777777777777777846e-01 4.444444444444444614e-02 1.176470588235294101e-01 1.600000000000000033e-01 1.090909090909090856e-01 1.071428571428571369e-01 1.230769230769230838e-01 1.126760563380281716e-01 1.428571428571428492e-01 1.463414634146341375e-01 8.000000000000000167e-02 2.772277227722772519e-01 1.818181818181818232e-01 1.418439716312056842e-01 2.705882352941176294e-01 2.926829268292682751e-01 2.352941176470588203e-01 2.338902147971360368e-01 1.866359447004608263e-01
5.053477817519403327e-38 1.702127659574468044e-01 4.255319148936170109e-02 1.132075471698113234e-01 1.538461538461538547e-01 1.052631578947368363e-01 1.034482758620689641e-01 1.176470588235294101e-01 1.081081081081081141e-01 1.363636363636363535e-01 1.395348837209302306e-01 9.523809523809523281e-02 2.641509433962264120e-01 1.732283464566929110e-01 1.496598639455782309e-01 2.584269662921348520e-01 2.976744186046511587e-01 2.516556291390728561e-01 2.414578587699316714e-01 1.960352422907488956e-01
3.242508970356869110e-86 2.000000000000000111e-01 8.163265306122448328e-02 1.071428571428571369e-01 2.181818181818181712e-01 1.000000000000000056e-01 9.836065573770491621e-02 1.126760563380281716e-01 1.025641025641025605e-01 1.318681318681318715e-01 1.555555555555555580e-01 1.284403669724770714e-01 2.702702702702702853e-01 1.818181818181818232e-01 1.428571428571428492e-01 2.795698924731182533e-01 2.844444444444444442e-01 2.468354430379746944e-01 2.440087145969498938e-01 1.898734177215190000e-01
1.398043286095288860e-76 1.923076923076923184e-01 1.176470588235294101e-01 1.034482758620689641e-01 2.105263157894736725e-01 1.290322580645161255e-01 9.375000000000000000e-02 1.351351351351351426e-01 9.876543209876542662e-02 1.263157894736842146e-01 1.489361702127659504e-01 1.238938053097345116e-01 2.586206896551724310e-01 2.028985507246376940e-01 1.749999999999999889e-01 2.680412371134020533e-01 2.978723404255319007e-01 2.492401215805471193e-01 2.505219206680584509e-01 2.024291497975708454e-01
