0.000000000000000000e+00 2.089552238805970075e-01 1.290322580645161255e-01 1.866666666666666752e-01 2.368421052631578816e-01 1.707317073170731836e-01 2.142857142857142738e-01 1.616161616161616299e-01 2.095238095238095288e-01 1.403508771929824483e-01 2.999999999999999889e-01 2.222222222222222099e-01 3.717948717948718063e-01 2.954545454545454697e-01 2.745098039215686514e-01 3.730158730158730229e-01 3.536977491961414977e-01 3.190476190476190244e-01 2.745098039215686514e-01 2.252396166134185418e-01
2.172112920761245850e-314 1.052631578947368363e-01 0.000000000000000000e+00 4.651162790697674354e-02 0.000000000000000000e+00 0.000000000000000000e+00 4.545454545454545581e-02 0.000000000000000000e+00 0.000000000000000000e+00 3.174603174603174427e-02 3.125000000000000000e-02 0.000000000000000000e+00 4.651162790697674354e-02 4.166666666666666435e-02 1.801801801801801786e-02 5.714285714285714107e-02 7.017543859649122417e-02 6.837606837606838295e-02 7.228915662650602092e-02 4.046242774566474049e-02
2.172112920761245850e-314 1.000000000000000056e-01 5.882352941176470507e-02 4.444444444444444614e-02 0.000000000000000000e+00 0.000000000000000000e+00 4.255319148936170109e-02 0.000000000000000000e+00 0.000000000000000000e+00 2.985074626865671585e-02 8.823529411764706454e-02 5.194805194805195148e-02 1.098901098901098883e-01 5.882352941176470507e-02 3.389830508474576259e-02 1.216216216216216284e-01 1.104972375690607689e-01 1.133603238866396773e-01 1.022727272727272790e-01 6.830601092896175508e-02
2.172112920761245850e-314 9.523809523809523281e-02 5.555555555555555247e-02 4.255319148936170109e-02 4.347826086956521618e-02 0.000000000000000000e+00 4.000000000000000083e-02 0.000000000000000000e+00 0.000000000000000000e+00 2.857142857142857054e-02 8.333333333333332871e-02 7.317073170731706877e-02 1.458333333333333426e-01 9.259259259259258745e-02 8.064516129032257841e-02 1.666666666666666574e-01 1.570680628272251300e-01 1.461538461538461620e-01 1.236559139784946248e-01 9.067357512953368170e-02
2.172112920761245850e-314 9.090909090909091161e-02 5.263157894736841813e-02 4.000000000000000083e-02 4.166666666666666435e-02 3.773584905660377214e-02 1.132075471698113234e-01 6.060606060606060774e-02 0.000000000000000000e+00 2.702702702702702853e-02 1.315789473684210453e-01 9.302325581395348708e-02 1.782178217821782096e-01 1.415929203539822989e-01 1.526717557251908441e-01 2.195121951219512202e-01 2.089552238805970075e-01 1.897810218978102093e-01 1.479591836734693855e-01 1.182266009852216693e-01
2.172112920761245850e-314 8.695652173913043237e-02 5.000000000000000278e-02 3.846153846153846367e-02 3.921568627450980338e-02 7.142857142857142461e-02 1.071428571428571369e-01 8.695652173913043237e-02 2.777777777777777624e-02 5.128205128205128027e-02 1.749999999999999889e-01 8.791208791208791895e-02 2.264150943396226467e-01 1.512605042016806622e-01 1.884057971014492794e-01 2.558139534883721034e-01 2.464454976303317446e-01 2.439024390243902385e-01 1.699029126213592311e-01 1.408450704225352179e-01
2.172112920761245850e-314 1.666666666666666574e-01 4.651162790697674354e-02 3.703703703703703498e-02 7.547169811320754429e-02 6.896551724137930939e-02 1.379310344827586188e-01 8.333333333333332871e-02 8.000000000000000167e-02 4.938271604938271331e-02 1.904761904761904656e-01 1.052631578947368363e-01 2.342342342342342287e-01 1.920000000000000040e-01 1.944444444444444475e-01 2.777777777777777901e-01 2.805429864253393690e-01 2.533333333333333548e-01 1.851851851851851749e-01 1.591928251121076110e-01
2.172112920761245850e-314 2.000000000000000111e-01 4.444444444444444614e-02 1.052631578947368363e-01 7.142857142857142461e-02 9.836065573770491621e-02 1.311475409836065642e-01 8.000000000000000167e-02 1.012658227848101250e-01 1.176470588235294101e-01 2.045454545454545581e-01 1.010101010101010083e-01 2.413793103448275967e-01 2.153846153846153966e-01 1.986754966887417095e-01 2.978723404255319007e-01 3.030303030303030387e-01 2.547770700636942665e-01 2.079646017699114946e-01 1.781115879828326087e-01
2.172112920761245850e-314 1.923076923076923184e-01 8.510638297872340219e-02 1.016949152542372947e-01 1.034482758620689641e-01 9.375000000000000000e-02 1.250000000000000000e-01 1.025641025641025605e-01 1.219512195121951192e-01 1.136363636363636326e-01 1.956521739130434867e-01 1.346153846153846090e-01 2.809917355371900904e-01 2.352941176470588203e-01 2.151898734177215278e-01 3.265306122448979331e-01 3.153526970954356745e-01 2.629969418960244609e-01 2.203389830508474534e-01 1.831275720164609044e-01
2.172112920761245850e-314 1.851851851851851749e-01 8.163265306122448328e-02 9.836065573770491621e-02 1.639344262295081844e-01 9.090909090909091161e-02 1.492537313432835688e-01 1.234567901234567833e-01 1.411764705882352922e-01 1.304347826086956486e-01 1.875000000000000000e-01 1.481481481481481399e-01 2.857142857142856984e-01 2.394366197183098455e-01 2.317073170731707432e-01 3.431372549019607865e-01 3.266932270916334535e-01 2.823529411764705843e-01 2.235772357723577186e-01 1.857707509881423025e-01
2.172112920761245850e-314 1.785714285714285754e-01 7.843137254901960675e-02 1.250000000000000000e-01 1.587301587301587213e-01 1.159420289855072478e-01 2.000000000000000111e-01 1.428571428571428492e-01 1.573033707865168496e-01 1.250000000000000000e-01 2.000000000000000111e-01 1.592920353982300863e-01 2.900763358778625789e-01 2.448979591836734637e-01 2.339181286549707472e-01 3.490566037735848837e-01 3.524904214559386739e-01 3.107344632768361814e-01 2.382812500000000000e-01 1.958174904942965866e-01
2.223295406285609449e-321 1.724137931034482873e-01 7.407407407407406996e-02 1.212121212121212155e-01 1.818181818181818232e-01 1.388888888888888951e-01 1.917808219178082085e-01 1.609195402298850552e-01 1.521739130434782705e-01 1.414141414141414088e-01 2.307692307692307820e-01 1.538461538461538547e-01 2.941176470588235392e-01 2.483660130718954306e-01 2.471910112359550493e-01 3.636363636363636465e-01 3.542435424354243301e-01 3.051771117166212632e-01 2.556390977443608881e-01 1.959706959706959684e-01
2.177952345869846211e-314 1.666666666666666574e-01 7.142857142857142461e-02 1.470588235294117696e-01 1.764705882352941291e-01 1.621621621621621712e-01 1.866666666666666752e-01 1.555555555555555580e-01 1.684210526315789436e-01 1.359223300970873738e-01 2.222222222222222099e-01 1.803278688524590223e-01 2.978723404255319007e-01 2.515723270440251569e-01 2.500000000000000000e-01 3.596491228070175517e-01 3.558718861209964612e-01 3.315789473684210287e-01 2.608695652173912971e-01 2.049469964664311084e-01
2.780099571053914512e-314 1.904761904761904656e-01 1.034482758620689641e-01 1.408450704225352179e-01 2.253521126760563431e-01 1.558441558441558406e-01 1.794871794871794879e-01 1.505376344086021556e-01 1.818181818181818232e-01 1.509433962264150886e-01 2.500000000000000000e-01 2.063492063492063378e-01 3.150684931506849140e-01 2.682926829268292845e-01 2.408376963350785382e-01 3.728813559322033955e-01 3.436426116838487976e-01 3.248730964467004823e-01 2.622377622377622397e-01 2.030716723549488012e-01
2.780096914957002470e-314 1.846153846153846256e-01 1.333333333333333315e-01 1.369863013698630061e-01 2.465753424657534110e-01 1.772151898734177222e-01 1.975308641975308532e-01 1.666666666666666574e-01 1.960784313725490169e-01 1.454545454545454475e-01 2.586206896551724310e-01 2.000000000000000111e-01 3.311258278145695622e-01 2.823529411764705843e-01 2.639593908629441765e-01 3.606557377049180446e-01 3.588039867109634740e-01 3.243243243243243423e-01 2.668918918918918859e-01 2.161716171617161786e-01
