0.000000000000000000e+00 4.133333333333333304e-01 4.076433121019108485e-01 4.171779141104294264e-01 4.342857142857142749e-01 4.301075268817204367e-01 4.299999999999999933e-01 4.112149532710280275e-01 3.982683982683982715e-01 3.858267716535432879e-01 3.533568904593639703e-01 3.782051282051281937e-01 3.361823361823361722e-01 3.358395989974937157e-01 3.368869936034115109e-01 3.184257602862253789e-01 2.934472934472934225e-01 2.786709539121114410e-01 2.727272727272727071e-01 2.595365418894830523e-01
2.780995102585990855e-314 4.958677685950413361e-02 4.724409448818897572e-02 4.580152671755725186e-02 4.285714285714285754e-02 4.026845637583892357e-02 3.749999999999999861e-02 4.651162790697674354e-02 4.324324324324324564e-02 3.940886699507389207e-02 3.524229074889868168e-02 4.000000000000000083e-02 3.558718861209964751e-02 3.761755485893417128e-02 3.723404255319148759e-02 3.579418344519015582e-02 3.558718861209964751e-02 3.480589022757697715e-02 3.191489361702127409e-02 2.583518930957683785e-02
2.780997015608171553e-314 8.130081300813007950e-02 7.751937984496123923e-02 7.518796992481202590e-02 7.042253521126760896e-02 7.894736842105262720e-02 7.361963190184049599e-02 8.000000000000000167e-02 7.446808510638297518e-02 7.729468599033816056e-02 6.926406926406926401e-02 7.086614173228346358e-02 6.993006993006993521e-02 6.769230769230769051e-02 6.788511749347259094e-02 6.153846153846154188e-02 5.944055944055944007e-02 5.789473684210526272e-02 4.878048780487805047e-02 4.288840262582056806e-02
2.780997110468775554e-314 1.120000000000000023e-01 1.068702290076335853e-01 1.037037037037037007e-01 1.103448275862068950e-01 1.038961038961039030e-01 1.084337349397590383e-01 1.123595505617977497e-01 1.047120418848167533e-01 1.047619047619047644e-01 1.021276595744680799e-01 1.003861003861003798e-01 9.621993127147766833e-02 1.027190332326284039e-01 8.740359897172236825e-02 8.207343412526997561e-02 9.278350515463917869e-02 8.796895213454075657e-02 6.849315068493150305e-02 6.623655913978494791e-02
2.780994644093071515e-314 1.417322834645669272e-01 1.353383458646616466e-01 1.449275362318840632e-01 1.360544217687074953e-01 1.401273885350318438e-01 1.420118343195266308e-01 1.436464088397789995e-01 1.435897435897435792e-01 1.401869158878504551e-01 1.338912133891213274e-01 1.292775665399239493e-01 1.283783783783783716e-01 1.309523809523809590e-01 1.212121212121212155e-01 1.146496815286624227e-01 1.148648648648648712e-01 1.092757306226175285e-01 8.754208754208754606e-02 8.456659619450317134e-02
2.779555245098053127e-314 1.705426356589147263e-01 1.629629629629629761e-01 1.714285714285714302e-01 1.733333333333333393e-01 1.749999999999999889e-01 1.744186046511627952e-01 1.739130434782608647e-01 1.717171717171717127e-01 1.743119266055045968e-01 1.646090534979423869e-01 1.641791044776119424e-01 1.594684385382059699e-01 1.637426900584795231e-01 1.439205955334987574e-01 1.377870563674321591e-01 1.395348837209302306e-01 1.350000000000000089e-01 1.092715231788079500e-01 1.056133056133056192e-01
2.780950802683922146e-314 1.984732824427480891e-01 2.028985507246376940e-01 1.971830985915492829e-01 1.973684210526315819e-01 1.975308641975308532e-01 1.954022988505747238e-01 2.032085561497326276e-01 1.990049751243781195e-01 1.990950226244343757e-01 1.943319838056680182e-01 1.911764705882352811e-01 1.830065359477124065e-01 1.896551724137930939e-01 1.662591687041564681e-01 1.683778234086242276e-01 1.601307189542483522e-01 1.549815498154981652e-01 1.368078175895765525e-01 1.251533742331288335e-01
2.780956731471672241e-314 2.255639097744360777e-01 2.285714285714285643e-01 2.344827586206896519e-01 2.322580645161290425e-01 2.303030303030303150e-01 2.259887005649717506e-01 2.315789473684210509e-01 2.341463414634146478e-01 2.311111111111111005e-01 2.231075697211155340e-01 2.101449275362318736e-01 2.057877813504823128e-01 1.983002832861189835e-01 1.875000000000000000e-01 1.939393939393939392e-01 1.736334405144694670e-01 1.692865779927448522e-01 1.570512820512820484e-01 1.464788732394366189e-01
2.780955292752511551e-314 2.518518518518518268e-01 2.535211267605633756e-01 2.585034013605442271e-01 2.547770700636942665e-01 2.619047619047619180e-01 2.555555555555555358e-01 2.590673575129533446e-01 2.596153846153846367e-01 2.543859649122807154e-01 2.352941176470588203e-01 2.348754448398576444e-01 2.215189873417721389e-01 2.116991643454038952e-01 2.127659574468085124e-01 2.147117296222663951e-01 1.867088607594936667e-01 1.880952380952380931e-01 1.750788643533122968e-01 1.639603960396039672e-01
2.780952968667713514e-314 2.773722627737226221e-01 2.777777777777777901e-01 2.818791946308724650e-01 2.874999999999999778e-01 2.823529411764705843e-01 2.841530054644808567e-01 2.857142857142856984e-01 2.843601895734597096e-01 2.758620689655172376e-01 2.548262548262548166e-01 2.526315789473684292e-01 2.429906542056074759e-01 2.246575342465753355e-01 2.331002331002330896e-01 2.348336594911937247e-01 2.087227414330218023e-01 2.086752637749120787e-01 1.894409937888198725e-01 1.746588693957115135e-01
2.780950913354626814e-314 3.021582733812949728e-01 3.013698630136986134e-01 3.157894736842105088e-01 3.086419753086419582e-01 3.121387283236994326e-01 3.118279569892473124e-01 3.115577889447236348e-01 3.069767441860465351e-01 2.966101694915254106e-01 2.737642585551330887e-01 2.827586206896551824e-01 2.638036809815950678e-01 2.486486486486486625e-01 2.522935779816513624e-01 2.504816955684007751e-01 2.239263803680981713e-01 2.260668973471741672e-01 2.033639143730886778e-01 1.919385796545105549e-01
2.780873206709848903e-314 3.262411347517730764e-01 3.355704697986577334e-01 3.376623376623376638e-01 3.393939393939394145e-01 3.409090909090908839e-01 3.386243386243386055e-01 3.267326732673267453e-01 3.211009174311926784e-01 3.096234309623430714e-01 2.996254681647940177e-01 2.925170068027210801e-01 2.779456193353474491e-01 2.659574468085106336e-01 2.799097065462753942e-01 2.656546489563567093e-01 2.447129909365558798e-01 2.363636363636363591e-01 2.228915662650602370e-01 2.034026465028355435e-01
2.780874155315888918e-314 3.496503496503496344e-01 3.576158940397350938e-01 3.589743589743589758e-01 3.592814371257485040e-01 3.595505617977527990e-01 3.560209424083769503e-01 3.414634146341463672e-01 3.348416289592759942e-01 3.374485596707819113e-01 2.952029520295202936e-01 3.143812709030100461e-01 2.916666666666666852e-01 2.879581151832460995e-01 2.939866369710467664e-01 2.803738317757009102e-01 2.619047619047619180e-01 2.508398656215005684e-01 2.344213649851631942e-01 2.197392923649906793e-01
2.177952345869846211e-314 3.835616438356164171e-01 3.660130718954248130e-01 3.899371069182390181e-01 3.882352941176470673e-01 3.867403314917127188e-01 3.814432989690721421e-01 3.653846153846153633e-01 3.644444444444444597e-01 3.577235772357723609e-01 3.127272727272727426e-01 3.366336633663366551e-01 3.049853372434017662e-01 3.100775193798449569e-01 3.026315789473684181e-01 2.946593001841620874e-01 2.668621700879765246e-01 2.557883131201764138e-01 2.470760233918128657e-01 2.311926605504587284e-01
2.177952345869846211e-314 4.054054054054054279e-01 3.870967741935483764e-01 3.975155279503105321e-01 4.069767441860465129e-01 4.043715846994535568e-01 4.060913705583756306e-01 3.886255924170616272e-01 3.859649122807017330e-01 3.679999999999999938e-01 3.297491039426523329e-01 3.583061889250814258e-01 3.179190751445086782e-01 3.256997455470738156e-01 3.203463203463203235e-01 3.049001814882032479e-01 2.832369942196532042e-01 2.673913043478260976e-01 2.608069164265129913e-01 2.452079566003616540e-01
