0.000000000000000000e+00 3.571428571428571508e-01 3.760683760683760646e-01 4.761904761904761640e-01 5.303030303030302761e-01 4.225352112676056260e-01 4.705882352941176405e-01 4.705882352941176405e-01 4.692737430167597812e-01 4.352331606217616500e-01 4.528301886792452935e-01 4.380165289256198191e-01 3.939393939393939226e-01 3.896103896103896291e-01 3.641456582633053052e-01 3.619489559164733028e-01 3.214953271028037629e-01 3.147632311977716091e-01 2.756052141527001731e-01 2.620370370370370128e-01
2.177952345869846211e-314 4.819277108433735191e-02 4.597701149425287293e-02 6.382978723404254817e-02 6.185567010309278579e-02 3.809523809523809867e-02 3.539823008849557473e-02 6.250000000000000000e-02 6.015037593984962072e-02 5.633802816901408578e-02 5.128205128205128027e-02 5.555555555555555247e-02 5.154639175257731687e-02 5.263157894736841813e-02 4.545454545454545581e-02 4.388714733542319751e-02 4.556962025316455694e-02 4.135338345864661425e-02 4.030226700251889060e-02 2.875000000000000125e-02
2.177952345869846211e-314 7.058823529411764608e-02 6.741573033707864981e-02 1.041666666666666713e-01 1.010101010101010083e-01 9.259259259259258745e-02 8.620689655172414367e-02 1.068702290076335853e-01 1.029411764705882304e-01 1.095890410958904049e-01 1.000000000000000056e-01 8.695652173913043237e-02 1.005025125628140753e-01 8.547008547008547175e-02 8.118081180811807795e-02 7.951070336391437288e-02 7.901234567901234407e-02 7.339449541284404077e-02 5.896805896805897007e-02 4.634146341463414587e-02
2.177952345869846211e-314 1.149425287356321823e-01 1.098901098901098883e-01 1.428571428571428492e-01 1.568627450980392135e-01 1.090909090909090856e-01 1.344537815126050362e-01 1.492537313432835688e-01 1.438848920863309289e-01 1.476510067114094049e-01 1.463414634146341375e-01 1.269841269841269771e-01 1.274509803921568540e-01 1.250000000000000000e-01 1.083032490974729228e-01 1.074626865671641784e-01 1.156626506024096418e-01 1.111111111111111049e-01 8.153477218225420320e-02 7.023809523809523836e-02
2.177952345869846211e-314 1.348314606741572996e-01 1.075268817204301092e-01 1.782178217821782096e-01 1.923076923076923184e-01 1.592920353982300863e-01 1.803278688524590223e-01 1.897810218978102093e-01 1.818181818181818232e-01 1.830065359477124065e-01 1.904761904761904656e-01 1.658031088082901616e-01 1.722488038277512068e-01 1.632653061224489666e-01 1.549295774647887203e-01 1.516034985422740622e-01 1.458823529411764630e-01 1.398601398601398704e-01 1.007025761124121788e-01 8.953488372093022785e-02
2.177952345869846211e-314 1.538461538461538547e-01 1.263157894736842146e-01 1.941747572815533951e-01 2.242990654205607448e-01 2.068965517241379282e-01 2.240000000000000047e-01 2.285714285714285643e-01 2.054794520547945091e-01 2.165605095541401348e-01 2.325581395348837177e-01 2.020202020202020166e-01 2.056074766355140138e-01 2.071713147410358669e-01 1.855670103092783574e-01 1.823361823361823453e-01 1.747126436781609171e-01 1.743589743589743501e-01 1.258581235697940615e-01 1.147727272727272763e-01
2.177952345869846211e-314 1.935483870967741882e-01 1.836734693877551117e-01 2.285714285714285643e-01 2.568807339449541427e-01 2.203389830508474534e-01 2.362204724409448786e-01 2.657342657342657288e-01 2.416107382550335692e-01 2.500000000000000000e-01 2.727272727272727071e-01 2.376237623762376128e-01 2.374429223744292106e-01 2.412451361867704314e-01 2.154882154882154788e-01 2.116991643454038952e-01 1.977528089887640450e-01 1.906354515050167342e-01 1.543624161073825496e-01 1.355555555555555680e-01
2.177952345869846211e-314 2.105263157894736725e-01 2.000000000000000111e-01 2.777777777777777901e-01 3.035714285714285476e-01 2.644628099173553792e-01 2.615384615384615530e-01 2.876712328767123128e-01 2.875816993464052063e-01 2.926829268292682751e-01 3.111111111111111160e-01 2.621359223300970820e-01 2.589285714285714524e-01 2.519083969465648609e-01 2.368421052631578816e-01 2.397820163487738299e-01 2.109890109890109888e-01 2.058823529411764608e-01 1.794310722100656563e-01 1.586956521739130432e-01
2.177952345869846211e-314 2.268041237113402053e-01 2.352941176470588203e-01 3.090909090909090828e-01 3.157894736842105088e-01 2.903225806451613100e-01 3.007518796992481036e-01 3.087248322147650992e-01 3.076923076923077094e-01 3.233532934131736480e-01 3.260869565217391353e-01 2.938388625592416870e-01 2.794759825327510772e-01 2.611940298507462455e-01 2.572347266881028771e-01 2.666666666666666630e-01 2.193548387096774244e-01 2.272000000000000131e-01 1.970021413276231148e-01 1.765957446808510689e-01
2.177952345869846211e-314 2.222222222222222099e-01 2.500000000000000000e-01 3.392857142857143016e-01 3.589743589743589758e-01 3.015873015873015706e-01 3.235294117647058987e-01 3.421052631578947456e-01 3.396226415094339424e-01 3.508771929824561209e-01 3.510638297872340496e-01 3.069767441860465351e-01 3.076923076923077094e-01 2.773722627737226221e-01 2.839116719242902320e-01 2.872062663185378506e-01 2.399999999999999911e-01 2.476489028213166022e-01 2.075471698113207641e-01 1.875000000000000000e-01
2.177952345869846211e-314 2.376237623762376128e-01 2.830188679245282946e-01 3.652173913043478271e-01 3.865546218487395103e-01 3.410852713178294526e-01 3.453237410071942626e-01 3.741935483870967860e-01 3.680981595092024383e-01 3.657142857142857140e-01 3.750000000000000000e-01 3.454545454545454586e-01 3.263598326359832824e-01 3.082437275985663305e-01 2.962962962962962798e-01 3.017902813299232490e-01 2.597938144329897114e-01 2.668711656441717928e-01 2.197125256673511384e-01 2.030612244897959107e-01
1.724289103985950439e-321 2.524271844660194164e-01 3.302752293577981835e-01 3.931623931623931534e-01 4.262295081967212851e-01 3.787878787878787845e-01 3.802816901408450634e-01 3.924050632911392222e-01 3.855421686746988152e-01 3.820224719101123489e-01 3.979591836734693855e-01 3.482142857142856984e-01 3.442622950819672067e-01 3.298245614035087980e-01 3.262839879154078582e-01 3.157894736842105088e-01 2.787878787878788067e-01 2.766917293233082664e-01 2.414486921529175045e-01 2.119999999999999940e-01
1.408087090647552651e-321 2.857142857142856984e-01 3.423423423423423428e-01 4.201680672268907624e-01 4.516129032258064391e-01 3.880597014925373234e-01 3.888888888888888951e-01 4.099378881987577605e-01 4.023668639053254448e-01 4.175824175824175977e-01 3.900000000000000133e-01 3.755458515283842669e-01 3.453815261044176910e-01 3.505154639175257492e-01 3.382789317507418625e-01 3.341523341523341406e-01 2.970297029702970160e-01 2.949852507374631227e-01 2.504930966469428033e-01 2.254901960784313764e-01
4.733744048149930023e-02 3.333333333333333148e-01 3.539823008849557473e-01 4.426229508196721230e-01 4.881889763779527769e-01 4.087591240875912413e-01 4.217687074829932214e-01 4.390243902439024404e-01 4.277456647398844014e-01 4.432432432432432678e-01 4.019607843137255054e-01 4.034334763948497771e-01 3.543307086614173040e-01 3.648648648648648574e-01 3.372093023255813837e-01 3.469879518072289115e-01 2.990291262135922334e-01 3.005780346820809412e-01 2.591876208897485601e-01 2.326923076923076983e-01
2.614297091197345310e-02 3.454545454545454586e-01 3.826086956521739246e-01 4.516129032258064391e-01 5.116279069767442067e-01 4.172661870503597270e-01 4.533333333333333104e-01 4.550898203592814162e-01 4.545454545454545303e-01 4.338624338624338383e-01 4.230769230769230727e-01 4.219409282700422037e-01 3.706563706563706373e-01 3.774834437086092565e-01 3.542857142857142594e-01 3.498817966903073340e-01 3.123809523809523703e-01 3.092198581560283710e-01 2.675521821631878794e-01 2.500000000000000000e-01
