0.000000000000000000e+00 2.278481012658227778e-01 2.168674698795180766e-01 3.111111111111111160e-01 4.242424242424242542e-01 2.424242424242424310e-01 3.090909090909090828e-01 2.500000000000000000e-01 2.834645669291338543e-01 2.814814814814814992e-01 3.758389261744966570e-01 3.452380952380952328e-01 4.387755102040816202e-01 3.703703703703703498e-01 3.529411764705882582e-01 4.242424242424242542e-01 3.428571428571428603e-01 3.253968253968254065e-01 2.631578947368420907e-01 2.318454363757495029e-01
1.000000000000000000e+00 8.000000000000000167e-02 0.000000000000000000e+00 3.448275862068965469e-02 3.125000000000000000e-02 0.000000000000000000e+00 2.857142857142857054e-02 2.857142857142857054e-02 2.469135802469135665e-02 4.761904761904761640e-02 8.602150537634409289e-02 3.773584905660377214e-02 6.349206349206348854e-02 5.882352941176470507e-02 3.703703703703703498e-02 6.486486486486486847e-02 6.530612244897959773e-02 5.660377358490566169e-02 5.000000000000000278e-02 3.400637619553666113e-02
1.000000000000000000e+00 7.692307692307692735e-02 3.636363636363636187e-02 6.666666666666666574e-02 6.060606060606060774e-02 3.076923076923077094e-02 5.479452054794520244e-02 2.739726027397260122e-02 2.380952380952380820e-02 9.090909090909091161e-02 1.443298969072164817e-01 9.090909090909091161e-02 1.221374045801526670e-01 9.859154929577464144e-02 9.467455621301774926e-02 1.139896373056994844e-01 1.019607843137254888e-01 9.667673716012084584e-02 7.599999999999999811e-02 6.116207951070336268e-02
1.000000000000000000e+00 7.407407407407406996e-02 3.508771929824561209e-02 6.451612903225806273e-02 1.159420289855072478e-01 2.985074626865671585e-02 1.052631578947368363e-01 5.263157894736841813e-02 2.298850574712643646e-02 8.791208791208791895e-02 1.980198019801980291e-01 1.391304347826086973e-01 1.617647058823529493e-01 1.621621621621621712e-01 1.257142857142857229e-01 1.592039800995024845e-01 1.433962264150943355e-01 1.511627906976744096e-01 9.615384615384615918e-02 8.227228207639568358e-02
1.000000000000000000e+00 7.142857142857142461e-02 3.389830508474576259e-02 6.153846153846154188e-02 1.408450704225352179e-01 8.571428571428571508e-02 1.518987341772151944e-01 1.012658227848101250e-01 2.197802197802197974e-02 1.052631578947368363e-01 2.285714285714285643e-01 2.016806722689075682e-01 1.985815602836879523e-01 1.960784313725490169e-01 1.978021978021977934e-01 2.200956937799043167e-01 1.818181818181818232e-01 1.899441340782122845e-01 1.148148148148148140e-01 1.055607917059377954e-01
1.000000000000000000e+00 1.034482758620689641e-01 6.557377049180328210e-02 8.955223880597014408e-02 1.891891891891891997e-01 1.095890410958904049e-01 1.463414634146341375e-01 1.463414634146341375e-01 4.255319148936170109e-02 1.414141414141414088e-01 2.568807339449541427e-01 2.258064516129032195e-01 2.465753424657534110e-01 2.389937106918239018e-01 2.433862433862433727e-01 2.488479262672811110e-01 2.105263157894736725e-01 2.318059299191374545e-01 1.428571428571428492e-01 1.271571298819255125e-01
1.000000000000000000e+00 1.666666666666666574e-01 6.250000000000000000e-02 8.695652173913043237e-02 2.105263157894736725e-01 1.333333333333333315e-01 1.666666666666666574e-01 1.411764705882352922e-01 1.030927835051546337e-01 1.372549019607843257e-01 2.831858407079645978e-01 2.343750000000000000e-01 2.781456953642383878e-01 2.909090909090908950e-01 2.666666666666666630e-01 2.844444444444444442e-01 2.372881355932203451e-01 2.395833333333333426e-01 1.586206896551724255e-01 1.454864154250657404e-01
1.000000000000000000e+00 1.935483870967741882e-01 6.060606060606060774e-02 1.388888888888888951e-01 2.531645569620253333e-01 1.538461538461538547e-01 1.839080459770114917e-01 1.363636363636363535e-01 1.386138613861386260e-01 2.075471698113207641e-01 3.247863247863247982e-01 2.272727272727272652e-01 3.076923076923077094e-01 3.058823529411764941e-01 2.970297029702970160e-01 3.090128755364807134e-01 2.557377049180327711e-01 2.512562814070351536e-01 1.833333333333333204e-01 1.659610499576630038e-01
1.000000000000000000e+00 1.875000000000000000e-01 8.823529411764706454e-02 1.351351351351351426e-01 2.716049382716049232e-01 1.481481481481481399e-01 2.000000000000000111e-01 1.758241758241758379e-01 1.730769230769230727e-01 2.385321100917431325e-01 3.140495867768595128e-01 2.627737226277372384e-01 3.354037267080745566e-01 3.181818181818181768e-01 3.062200956937798924e-01 3.402489626556016722e-01 2.666666666666666630e-01 2.579075425790754439e-01 2.000000000000000111e-01 1.752661752661752725e-01
1.000000000000000000e+00 1.818181818181818232e-01 8.571428571428571508e-02 1.578947368421052544e-01 3.095238095238095344e-01 1.686746987951807109e-01 2.150537634408602183e-01 1.914893617021276584e-01 1.869158878504672827e-01 2.477876106194690231e-01 3.039999999999999925e-01 2.836879432624113684e-01 3.614457831325301185e-01 3.186813186813186594e-01 3.162790697674418561e-01 3.614457831325301185e-01 2.892307692307692357e-01 2.735849056603773533e-01 2.062499999999999889e-01 1.839809674861221378e-01
3.260833262552227192e-322 1.764705882352941291e-01 8.333333333333332871e-02 2.025316455696202500e-01 3.255813953488372325e-01 1.860465116279069742e-01 2.500000000000000000e-01 2.061855670103092675e-01 1.981981981981981999e-01 2.393162393162393264e-01 3.100775193798449569e-01 2.876712328767123128e-01 3.742690058479531956e-01 3.315508021390374260e-01 3.243243243243243423e-01 3.813229571984435573e-01 3.104477611940298365e-01 2.968036529680365132e-01 2.242424242424242431e-01 1.936971560338201503e-01
2.569141358374482030e-322 1.714285714285714302e-01 1.333333333333333315e-01 2.222222222222222099e-01 3.370786516853932491e-01 2.247191011235954994e-01 2.626262626262626521e-01 2.399999999999999911e-01 2.105263157894736725e-01 2.666666666666666630e-01 3.308270676691729140e-01 2.800000000000000266e-01 3.863636363636363535e-01 3.316062176165803232e-01 3.318777292576419180e-01 4.000000000000000222e-01 3.188405797101449002e-01 2.926829268292682751e-01 2.382352941176470451e-01 1.968680089485458640e-01
1.136350985434867052e-322 1.944444444444444475e-01 1.558441558441558406e-01 2.650602409638554424e-01 3.516483516483516758e-01 2.417582417582417598e-01 2.574257425742574323e-01 2.330097087378640852e-01 2.393162393162393264e-01 2.741935483870967527e-01 3.211678832116788285e-01 3.096774193548387233e-01 3.867403314917127188e-01 3.417085427135678199e-01 3.319148936170212560e-01 4.029304029304029422e-01 3.267605633802816989e-01 3.189655172413793371e-01 2.457142857142857184e-01 2.056480811006516918e-01
5.582941798006085949e-322 2.133333333333333470e-01 1.772151898734177222e-01 2.790697674418604612e-01 4.042553191489361430e-01 2.340425531914893664e-01 2.500000000000000000e-01 2.452830188679245293e-01 2.644628099173553792e-01 2.992125984251968740e-01 3.404255319148936088e-01 3.396226415094339424e-01 3.978494623655913776e-01 3.529411764705882582e-01 3.223140495867768407e-01 4.128113879003558750e-01 3.232876712328767166e-01 3.263598326359832824e-01 2.472222222222222321e-01 2.083040112596762916e-01
4.940656458412465442e-323 2.077922077922078059e-01 2.222222222222222099e-01 2.727272727272727071e-01 4.166666666666666852e-01 2.500000000000000000e-01 2.803738317757009102e-01 2.568807339449541427e-01 2.741935483870967527e-01 2.900763358778625789e-01 3.448275862068965747e-01 3.312883435582821834e-01 4.083769633507853269e-01 3.619047619047618958e-01 3.467741935483871218e-01 4.152249134948096665e-01 3.360000000000000209e-01 3.299389002036660079e-01 2.540540540540540682e-01 2.217659137577002171e-01
