0.000000000000000000e+00 4.161073825503355805e-01 4.129032258064516125e-01 4.223602484472049889e-01 4.367816091954023205e-01 4.347826086956521618e-01 4.387755102040816202e-01 4.131455399061033096e-01 3.982683982683982715e-01 3.858267716535432879e-01 3.636363636363636465e-01 3.766233766233766378e-01 3.381088825214899618e-01 3.392405063291139000e-01 3.376623376623376638e-01 3.194192377495462809e-01 2.981186685962373129e-01 2.773564463705308625e-01 2.743105950653120240e-01 2.602096132996024602e-01
2.100840336134453690e-03 5.000000000000000278e-02 4.800000000000000100e-02 4.651162790697674354e-02 4.316546762589928282e-02 4.081632653061224164e-02 3.846153846153846367e-02 4.678362573099414945e-02 4.324324324324324564e-02 3.940886699507389207e-02 3.652968036529680163e-02 4.065040650406503975e-02 3.584229390681003408e-02 3.809523809523809867e-02 3.794037940379403617e-02 3.644646924829157003e-02 3.629764065335753381e-02 3.527815468113975478e-02 3.278688524590164105e-02 2.628001812415043173e-02
2.100840336134453690e-03 8.196721311475409222e-02 7.874015748031495954e-02 7.633587786259542207e-02 7.092198581560284210e-02 8.000000000000000167e-02 7.547169811320754429e-02 8.045977011494252762e-02 7.446808510638297518e-02 7.729468599033816056e-02 7.174887892376681509e-02 7.199999999999999456e-02 7.042253521126760896e-02 6.853582554517133330e-02 6.914893617021276861e-02 6.263982102908277616e-02 6.060606060606060774e-02 5.866666666666666557e-02 5.008944543828264956e-02 4.361370716510903217e-02
2.100840336134453690e-03 1.129032258064516098e-01 1.085271317829457349e-01 1.052631578947368363e-01 1.111111111111111049e-01 1.052631578947368363e-01 1.111111111111111049e-01 1.129943502824858753e-01 1.047120418848167533e-01 1.047619047619047644e-01 1.057268722466960381e-01 1.019607843137254888e-01 9.688581314878892681e-02 1.039755351681957152e-01 8.900523560209423757e-02 8.351648351648351121e-02 9.457092819614711099e-02 8.912188728702490070e-02 6.854130052724077826e-02 6.733712286838652861e-02
2.100840336134453690e-03 1.428571428571428492e-01 1.374045801526717625e-01 1.470588235294117696e-01 1.369863013698630061e-01 1.419354838709677435e-01 1.454545454545454475e-01 1.444444444444444309e-01 1.435897435897435792e-01 1.401869158878504551e-01 1.385281385281385280e-01 1.312741312741312616e-01 1.292517006802721136e-01 1.325301204819277212e-01 1.233933161953727486e-01 1.166306695464362914e-01 1.170395869191049876e-01 1.106821106821106876e-01 8.808290155440413882e-02 8.508809626128062409e-02
2.100840336134453690e-03 1.718750000000000000e-01 1.654135338345864570e-01 1.739130434782608647e-01 1.744966442953020114e-01 1.772151898734177222e-01 1.785714285714285754e-01 1.748633879781420764e-01 1.717171717171717127e-01 1.743119266055045968e-01 1.702127659574468044e-01 1.666666666666666574e-01 1.605351170568561914e-01 1.656804733727810786e-01 1.464646464646464641e-01 1.401273885350318438e-01 1.421319796954314818e-01 1.367088607594936778e-01 1.103565365025466899e-01 1.064638783269961919e-01
2.100840336134453690e-03 2.000000000000000111e-01 2.058823529411764608e-01 2.000000000000000111e-01 1.986754966887417095e-01 2.000000000000000111e-01 2.000000000000000111e-01 2.043010752688172171e-01 1.990049751243781195e-01 1.990950226244343757e-01 2.008368200836820050e-01 1.940298507462686617e-01 1.842105263157894635e-01 1.918604651162790775e-01 1.691542288557214002e-01 1.711899791231732693e-01 1.630615640599001603e-01 1.569115815691158045e-01 1.385642737896494170e-01 1.262982966348151215e-01
2.100840336134453690e-03 2.272727272727272652e-01 2.318840579710144956e-01 2.377622377622377603e-01 2.337662337662337608e-01 2.331288343558282072e-01 2.312138728323699377e-01 2.328042328042327913e-01 2.341463414634146478e-01 2.311111111111111005e-01 2.304526748971193473e-01 2.132352941176470507e-01 2.071197411003236344e-01 2.005730659025787843e-01 1.907090464547677167e-01 1.971252566735113010e-01 1.767594108019640009e-01 1.713586291309669440e-01 1.592775041050903118e-01 1.479362484675112444e-01
2.100840336134453690e-03 2.537313432835821003e-01 2.571428571428571175e-01 2.620689655172414034e-01 2.564102564102563875e-01 2.650602409638554424e-01 2.613636363636363535e-01 2.604166666666666852e-01 2.596153846153846367e-01 2.543859649122807154e-01 2.429149797570850089e-01 2.382671480144404330e-01 2.229299363057324901e-01 2.140845070422535135e-01 2.163461538461538547e-01 2.181818181818181712e-01 1.900161030595813316e-01 1.879518072289156627e-01 1.760904684975767298e-01 1.656614394853236916e-01
2.100840336134453690e-03 2.794117647058823595e-01 2.816901408450704358e-01 2.857142857142856984e-01 2.893081761006289221e-01 2.857142857142856984e-01 2.905027932960894121e-01 2.871794871794871584e-01 2.843601895734597096e-01 2.758620689655172376e-01 2.629482071713147295e-01 2.562277580071174454e-01 2.445141065830720994e-01 2.271468144044321291e-01 2.369668246445497672e-01 2.385685884691848835e-01 2.123613312202852488e-01 2.087781731909845728e-01 1.891891891891891997e-01 1.764938662445587614e-01
2.100840336134453690e-03 3.043478260869565410e-01 3.055555555555555802e-01 3.200000000000000067e-01 3.105590062111800997e-01 3.157894736842105088e-01 3.186813186813186594e-01 3.131313131313131493e-01 3.069767441860465351e-01 2.966101694915254106e-01 2.823529411764705843e-01 2.867132867132867191e-01 2.654320987654321118e-01 2.513661202185792365e-01 2.564102564102563875e-01 2.504892367906066397e-01 2.277691107644305712e-01 2.263710618436406141e-01 2.034428794992175216e-01 1.924425399298792250e-01
2.100840336134453690e-03 3.285714285714285698e-01 3.401360544217686965e-01 3.421052631578947456e-01 3.414634146341463672e-01 3.448275862068965747e-01 3.459459459459459651e-01 3.283582089552238847e-01 3.211009174311926784e-01 3.096234309623430714e-01 3.088803088803088737e-01 2.965517241379310165e-01 2.796352583586625973e-01 2.688172043010752521e-01 2.844036697247706580e-01 2.658959537572254117e-01 2.488479262672811110e-01 2.367816091954023094e-01 2.234206471494607216e-01 2.040659762178749503e-01
2.100840336134453690e-03 3.521126760563380031e-01 3.624161073825503121e-01 3.636363636363636465e-01 3.614457831325301185e-01 3.636363636363636465e-01 3.636363636363636465e-01 3.431372549019607865e-01 3.348416289592759942e-01 3.374485596707819113e-01 3.041825095057034134e-01 3.186440677966101420e-01 2.934131736526945922e-01 2.910052910052909891e-01 2.941176470588235392e-01 2.808349146110056815e-01 2.662632375189107337e-01 2.514156285390713452e-01 2.352048558421851177e-01 2.206271250472232603e-01
2.100840336134453690e-03 3.862068965517241326e-01 3.708609271523178874e-01 3.949044585987261380e-01 3.905325443786982209e-01 3.910614525139664566e-01 3.894736842105263053e-01 3.671497584541063008e-01 3.644444444444444597e-01 3.577235772357723609e-01 3.220973782771535676e-01 3.411371237458193928e-01 3.067846607669616477e-01 3.133159268929504027e-01 3.028953229398663738e-01 2.953271028037383061e-01 2.712369597615499339e-01 2.564102564102563875e-01 2.481315396113602523e-01 2.322292519538518840e-01
2.100840336134453690e-03 4.081632653061224580e-01 3.921568627450980338e-01 4.025157232704402732e-01 4.093567251461988077e-01 4.088397790055248726e-01 4.145077720207253624e-01 3.904761904761904767e-01 3.859649122807017330e-01 3.679999999999999938e-01 3.394833948339483487e-01 3.564356435643564192e-01 3.197674418604651292e-01 3.290488431876606445e-01 3.208791208791209049e-01 3.057090239410681365e-01 2.878120411160058900e-01 2.659340659340659330e-01 2.621502209131075234e-01 2.464246424642464184e-01
